153 152
165 168
160 167
364 429
188 242
12 13
113 138
325 434
391 403
243 244
281 299
186 384
14 47
344 382
275 273
33 41
274 443
152 212
272 439
81 73
453 452
333 348
31 451
335 346
343 363
39 40
200 210
375 374
102 459
236 384
45 467
320 319
262 445
381 414
390 391
119 123
87 214
253 339
54 64
234 252
122 463
166 168
352 354
173 175
117 464
309 438
187 240
75 78
157 171
403 428
391 406
388 387
206 201
322 353
411 425
41 467
95 209
147 152
162 176
324 431
117 465
259 339
436 437
345 363
84 456
374 427
55 56
267 318
220 226
370 414
326 328
373 372
232 229
36 39
121 120
54 59
76 77
346 345
126 127
201 210
392 396
303 440
403 404
375 376
177 178
118 122
287 288
241 242
123 463
255 309
4 25
324 433
30 283
291 445
381 387
399 401
112 97
156 171
168 174
201 200
230 246
306 317
202 205
128 134
126 130
66 457
192 194
246 249
331 359
418 427
125 135
4 24
273 443
178 241
158 168
334 354
18 26
337 338
259 308
376 427
393 401
270 437
112 140
103 139
263 298
3 2
2 11
305 314
374 414
331 332
372 407
359 354
37 39
292 445
269 305
334 333
96 206
269 317
393 392
116 118
311 318
251 342
97 143
15 14
199 213
101 126
316 437
126 129
372 388
115 135
426 427
68 71
34 450
77 82
261 260
110 146
92 151
331 356
161 418
369 372
16 27
5 23
215 84
398 428
224 213
365 387
414 413
43 468
389 412
112 133
55 68
98 131
163 178
118 463
18 27
165 175
36 451
237 246
194 243
90 166
261 296
150 170
368 426
50 285
268 317
266 439
71 73
390 405
348 357
360 361
223 213
311 313
298 445
60 449
197 198
55 69
94 142
111 141
101 102
78 82
233 252
16 17
261 294
150 151
384 383
395 401
380 414
64 447
153 172
1 7
262 444
208 209
398 404
56 68
414 415
145 146
389 407
371 372
314 317
348 354
189 188
64 448
311 436
115 124
89 204
74 81
182 193
58 466
8 469
312 318
192 196
322 431
143 206
196 191
4 14
1 22
368 413
5 20
294 445
270 305
389 388
56 69
282 287
87 210
270 317
79 465
58 68
114 127
16 15
85 84
153 154
62 64
277 27
1 2
351 353
365 382
320 435
87 200
63 64
185 191
290 446
446 447
344 400
282 299
74 117
352 359
160 161
333 358
247 248
400 402
117 122
464 463
90 164
312 313
330 354
321 435
231 259
94 97
368 415
294 298
323 353
55 58
185 243
127 134
326 431
99 130
373 380
31 286
85 86
238 245
261 262
392 402
47 278
4 5
312 436
243 242
250 364
12 468
60 61
239 238
124 135
33 44
257 258
313 317
49 285
75 77
368 370
322 349
356 358
22 469
218 446
408 409
124 125
163 164
220 290
272 315
326 433
197 456
417 426
345 361
382 400
36 40
203 211
128 136
337 342
166 170
409 422
188 243
374 421
305 317
92 203
303 439
357 400
131 137
388 405
334 359
260 339
177 377
259 260
117 463
124 127
215 224
216 456
159 165
191 243
13 468
156 172
2 7
76 95
181 195
295 260
3 44
355 358
322 324
187 377
369 380
190 191
149 171
125 137
46 45
50 286
55 53
293 295
42 468
274 303
350 330
272 314
186 239
257 309
54 62
126 128
271 303
343 342
405 407
404 405
2 22
305 316
95 207
368 374
157 156
37 40
281 301
287 299
81 465
460 462
148 147
328 434
185 188
412 424
116 124
112 130
103 460
284 451
306 318
262 263
176 175
235 246
21 23
149 152
394 400
96 205
40 452
158 170
236 237
94 206
30 285
63 69
270 439
450 45
256 257
327 432
254 340
110 141
369 374
310 318
164 175
118 121
66 69
328 432
144 143
376 386
293 260
98 113
348 359
251 345
216 454
371 407
461 462
297 307
316 439
336 362
187 186
10 467
335 361
3 13
192 193
332 358
331 355
196 195
7 469
239 385
323 431
308 438
366 381
94 143
371 388
79 222
52 50
189 190
17 274
29 279
29 277
305 304
307 318
256 341
273 303
391 405
66 289
219 220
285 286
21 20
268 318
375 427
71 466
79 83
336 352
311 310
284 285
183 195
85 196
177 161
232 337
246 248
150 155
406 424
176 418
7 23
376 367
219 227
266 315
419 426
390 406
296 444
398 401
43 42
162 178
127 136
32 31
186 185
179 242
98 112
410 424
74 78
165 169
245 454
195 191
406 405
249 430
144 147
1 21
268 313
86 84
366 385
304 303
145 153
159 168
99 459
184 195
228 229
114 128
335 342
73 466
277 278
232 253
322 350
84 214
310 341
80 81
375 414
57 466
180 242
349 355
268 436
43 44
14 46
401 402
252 342
383 381
33 450
402 428
6 21
95 94
234 251
89 202
35 449
217 229
58 72
129 136
183 194
181 242
85 199
368 373
71 465
206 207
3 25
359 347
250 365
57 68
411 424
83 223
283 286
100 460
108 146
36 37
396 402
13 45
288 289
202 206
183 184
234 250
322 323
231 254
187 242
240 384
265 442
278 279
323 324
148 171
63 65
30 286
219 291
252 251
55 57
54 448
10 11
337 252
333 357
15 277
91 212
117 121
47 46
265 303
227 290
325 327
262 297
432 431
310 438
66 65
81 222
347 361
185 189
108 145
397 400
367 383
204 205
344 345
149 172
73 465
28 277
272 316
191 194
383 385
104 460
31 450
257 320
346 362
409 423
281 283
374 416
129 132
92 204
240 378
205 206
157 169
131 140
334 360
148 152
185 190
367 379
38 57
179 182
53 64
348 347
337 340
76 75
15 19
163 242
75 79
303 315
432 433
359 360
118 119
180 179
41 42
260 296
149 154
76 83
72 73
27 276
441 442
30 48
433 434
255 339
263 297
96 142
70 71
220 457
138 137
326 329
38 452
259 253
58 57
230 229
346 347
343 345
404 428
2 21
305 313
422 424
149 150
51 287
157 165
269 314
180 182
167 173
460 459
4 277
301 442
144 212
324 435
86 211
393 399
53 59
232 231
98 141
155 171
186 238
3 4
91 152
104 461
189 246
188 190
202 88
20 24
395 397
181 182
372 414
3 14
192 197
305 436
338 340
260 291
149 156
317 437
111 142
177 427
107 146
208 210
221 220
158 173
267 307
236 238
274 273
272 304
48 279
340 341
251 343
197 455
371 381
237 249
103 140
264 300
6 25
233 251
271 273
79 80
374 379
65 447
106 110
309 320
372 409
51 64
85 213
50 282
208 200
261 445
118 120
180 181
40 41
134 132
255 308
203 204
196 198
296 438
86 214
221 227
389 408
270 315
156 165
348 360
336 341
216 455
74 73
19 26
233 250
96 97
105 141
79 82
106 146
379 419
394 397
107 145
143 142
266 317
215 216
99 140
141 142
163 179
17 275
327 328
23 20
160 175
59 57
395 399
229 339
183 198
4 6
233 232
164 169
39 453
122 123
219 228
323 350
267 306
349 351
12 467
144 152
320 341
282 49
376 379
270 314
97 133
103 104
55 64
390 407
410 411
60 451
254 339
199 198
395 394
114 133
325 432
105 106
110 461
321 341
106 145
380 379
268 311
266 316
390 388
56 66
6 26
62 448
10 41
257 338
115 123
184 198
245 455
195 194
111 140
364 430
395 396
11 468
265 440
164 165
262 298
250 363
219 218
308 258
236 430
55 59
352 351
29 47
183 182
330 355
277 276
200 213
2 25
236 249
391 408
67 71
349 353
42 467
420 422
370 409
258 338
132 138
99 111
179 243
329 431
148 172
300 299
251 429
165 166
409 416
333 359
114 134
64 288
75 122
113 133
265 441
268 267
322 435
196 456
247 246
378 427
141 140
171 172
397 428
285 299
367 387
88 201
408 425
184 182
373 414
217 216
441 440
67 70
57 72
344 343
148 154
100 140
87 199
258 310
329 433
58 59
264 297
31 284
54 63
256 258
81 82
35 452
409 410
352 353
333 356
15 27
413 412
117 120
309 338
133 134
125 127
131 130
171 154
322 330
118 123
70 226
334 351
148 150
162 161
397 404
399 402
116 122
28 27
350 354
168 175
370 413
207 209
396 403
32 449
13 46
24 25
230 245
76 82
126 136
166 174
251 430
409 425
262 264
4 26
374 426
187 243
113 134
301 279
388 407
266 272
269 316
236 235
86 210
35 60
393 402
259 258
15 17
98 132
17 276
434 431
235 249
104 140
155 172
2 9
101 139
59 64
202 201
309 310
355 359
92 206
369 414
72 466
100 104
301 441
164 193
48 28
86 200
112 111
124 123
215 223
119 124
350 351
326 330
130 139
251 250
35 34
32 45
15 47
450 451
230 237
128 135
302 443
361 363
166 167
161 176
327 431
287 448
209 200
161 419
125 129
299 444
50 284
176 241
158 166
167 174
334 353
148 151
263 264
4 27
328 431
109 462
112 134
53 62
103 130
263 299
155 154
162 242
189 244
188 241
237 245
17 443
395 398
116 463
164 168
226 290
394 401
158 174
53 61
314 316
348 351
311 320
221 290
371 414
120 122
66 221
316 317
358 354
327 433
292 295
195 198
95 206
395 402
331 349
176 178
107 106
158 160
93 151
72 464
37 466
270 316
155 156
342 361
311 319
18 274
218 220
165 170
91 151
306 307
187 386
187 188
194 197
80 224
90 157
269 268
233 237
32 35
158 167
203 206
87 213
35 39
184 191
52 53
10 42
279 302
23 24
218 227
333 347
406 412
338 339
4 15
265 439
164 180
368 380
80 73
391 407
214 213
285 280
255 257
366 367
296 445
398 399
420 421
38 40
132 139
275 302
421 422
17 28
184 243
36 453
387 407
114 136
49 280
256 321
51 61
343 429
295 446
292 260
312 320
391 388
356 395
380 415
177 418
120 463
290 291
323 435
56 67
162 179
222 225
300 442
36 58
85 215
227 226
62 63
182 191
406 407
392 405
22 23
312 319
294 295
285 300
74 465
100 462
270 304
179 194
14 44
55 62
10 12
159 173
74 79
345 429
288 446
445 444
325 328
295 296
391 392
330 353
230 253
411 412
281 286
12 41
283 285
190 243
37 453
250 429
375 379
389 390
419 417
420 423
43 469
127 135
99 131
382 381
6 23
271 315
35 451
333 360
129 139
11 42
75 82
310 321
157 170
37 58
218 291
266 270
56 65
369 421
56 62
240 386
178 377
258 309
270 272
48 280
254 255
293 446
104 462
51 52
181 194
295 291
102 139
283 284
378 386
100 103
268 306
255 438
30 280
130 132
293 444
31 49
409 413
15 278
416 423
75 121
113 131
133 132
125 128
403 402
260 445
53 448
397 401
30 284
9 42
156 170
28 278
350 431
326 434
191 197
276 443
91 203
128 137
11 12
346 361
181 192
343 362
34 449
2 469
188 244
236 248
92 205
113 132
269 313
293 294
240 377
77 209
286 280
345 250
103 459
98 138
263 442
358 359
357 358
191 244
2 43
149 148
273 315
368 369
432 435
41 453
45 449
334 349
378 418
196 455
109 461
96 201
397 398
370 373
1 470
269 436
116 121
112 131
293 291
105 142
337 336
168 169
130 137
417 421
345 362
311 435
68 466
34 45
110 462
374 419
84 224
143 212
4 23
50 49
5 24
219 226
53 60
78 209
9 470
112 132
232 234
230 231
98 97
145 458
280 301
297 444
51 448
306 319
59 62
187 190
361 429
303 302
310 320
234 430
449 451
269 270
452 449
66 67
267 305
116 115
314 313
71 464
103 99
304 315
390 408
35 40
115 119
32 46
88 211
297 296
248 430
462 459
374 373
302 442
68 69
77 78
261 297
20 19
136 137
418 419
107 108
308 338
366 383
231 339
398 402
365 381
43 470
222 224
32 34
186 188
248 249
284 449
154 458
74 122
218 228
165 173
252 430
160 168
111 459
182 195
247 384
237 238
257 340
51 283
183 211
218 290
325 431
90 203
192 191
150 171
4 20
107 461
312 435
375 426
93 205
304 314
300 279
145 147
151 212
74 75
184 194
199 211
69 65
183 192
327 329
289 446
468 467
106 108
307 319
85 198
90 169
105 140
308 310
366 365
420 416
268 319
315 439
222 457
132 137
362 361
56 447
170 173
300 441
421 423
410 420
258 340
29 46
65 288
392 403
229 253
335 362
161 241
325 433
105 109
208 87
150 152
214 223
12 42
56 57
100 461
320 321
178 242
88 207
204 212
408 424
56 70
184 192
254 253
199 214
217 220
228 227
213 456
114 113
256 338
89 88
2 470
392 428
234 235
100 459
88 208
77 83
215 456
344 399
275 279
342 345
10 9
207 210
159 174
335 352
313 436
217 227
111 110
52 287
335 347
205 143
161 178
105 104
330 358
12 44
240 385
376 378
179 181
419 421
163 162
96 209
151 152
207 200
159 160
259 338
58 452
256 310
271 316
409 424
392 404
102 460
129 137
233 430
369 416
193 194
239 240
36 38
263 440
337 341
335 336
159 167
232 254
104 459
52 64
264 442
231 229
47 28
233 249
318 319
325 324
355 354
149 170
100 99
268 312
37 57
50 287
108 109
48 49
116 119
119 122
274 276
417 420
219 289
13 44
36 60
230 235
121 464
377 378
202 203
173 174
281 282
85 456
16 276
133 138
178 179
121 465
180 193
70 457
21 25
30 49
179 241
221 226
53 63
215 454
263 441
32 451
18 276
20 26
91 204
189 245
11 9
64 65
126 139
181 193
357 394
265 266
37 38
46 450
378 379
219 290
42 470
275 276
329 330
120 464
104 99
101 100
189 239
271 304
251 364
3 15
182 242
27 26
140 459
332 357
19 27
113 112
331 348
372 413
125 126
318 438
425 424
37 60
95 142
16 443
134 137
255 258
370 372
269 437
186 189
116 120
63 447
82 83
130 140
417 416
88 210
216 224
15 24
91 89
104 110
237 235
80 225
115 134
18 443
119 463
192 195
374 417
332 354
84 213
63 448
394 399
233 235
38 39
66 447
40 453
33 32
263 265
220 227
88 200
284 49
186 190
112 138
275 443
98 130
31 29
163 181
271 272
332 333
187 241
372 415
299 298
105 462
66 70
285 287
282 448
334 335
76 207
324 327
268 437
30 31
150 172
86 199
77 208
304 316
421 416
54 56
145 152
93 142
74 80
199 210
228 454
163 193
68 72
34 46
261 295
79 81
422 416
331 330
231 260
418 417
107 109
86 87
375 418
167 168
146 458
314 437
199 200
306 305
95 97
17 19
8 7
74 82
165 174
16 26
217 454
406 408
90 204
150 154
308 309
202 210
440 442
349 348
282 283
108 153
239 247
55 63
108 458
17 18
36 59
183 193
8 22
106 109
356 359
144 146
368 414
67 73
308 307
419 420
366 382
351 354
408 411
420 426
145 144
44 468
132 140
99 141
401 428
254 258
383 387
170 174
33 45
410 422
80 222
74 121
373 426
165 167
160 176
228 290
247 366
288 447
235 430
84 216
61 64
67 457
205 212
295 445
90 89
150 156
384 385
283 287
56 63
161 377
146 147
375 419
288 448
109 458
80 83
99 139
396 428
217 228
264 440
123 135
54 68
346 363
292 293
307 317
281 285
268 305
37 59
214 198
283 299
349 330
226 289
108 147
370 415
344 364
121 122
163 180
10 43
256 309
353 354
373 413
409 411
313 437
416 426
61 59
188 240
114 135
400 401
295 298
325 329
90 91
157 166
321 353
171 170
411 422
281 280
369 409
367 380
389 391
116 123
370 412
258 339
396 404
417 427
244 245
13 450
217 218
230 454
264 441
114 125
126 132
166 175
238 246
305 437
12 9
92 143
205 201
125 136
157 174
262 296
369 426
211 210
24 26
86 213
293 445
6 7
35 450
373 415
102 100
188 239
117 118
343 364
368 375
281 300
134 138
334 348
328 433
96 207
397 399
324 432
291 446
399 400
267 438
274 302
350 353
107 458
396 397
329 434
382 364
104 111
263 444
135 134
114 124
202 204
271 302
23 25
66 226
332 359
11 469
331 358
149 155
131 132
394 398
232 252
121 463
167 175
369 413
370 388
393 400
293 298
215 455
156 174
264 265
155 170
54 58
271 270
77 213
345 364
29 278
101 130
374 380
11 43
126 137
265 272
343 361
292 446
34 451
198 456
241 240
379 427
226 225
394 402
1 469
48 47
158 175
93 206
236 246
70 69
272 303
326 327
38 453
221 225
13 14
371 387
52 61
101 103
342 429
128 129
357 359
404 402
332 356
51 286
214 456
232 340
158 157
41 468
369 415
148 153
220 228
107 147
38 58
9 469
237 248
103 131
362 363
186 240
104 141
297 445
101 129
36 449
189 238
233 248
154 172
164 166
196 197
227 446
1 23
317 318
9 43
93 143
54 55
389 424
336 342
10 470
357 356
17 27
292 294
182 243
84 223
369 370
273 302
7 22
39 452
50 61
239 384
106 147
255 259
351 359
30 29
5 19
44 45
389 405
215 214
98 99
421 426
54 53
410 421
298 444
371 415
253 252
450 449
297 298
54 65
65 289
327 434
292 291
177 176
289 447
79 78
144 93
177 419
294 446
419 427
203 88
246 245
360 347
224 225
185 244
99 132
14 277
29 48
390 425
33 467
217 455
280 300
160 173
261 292
237 247
8 470
5 6
231 253
267 266
349 352
94 93
294 444
222 223
221 222
371 370
254 257
71 81
184 197
111 131
364 363
469 470
264 439
117 73
8 21
153 458
96 94
322 432
233 234
1 8
80 82
294 296
250 430
67 466
93 147
366 384
408 412
365 364
282 285
99 460
36 61
342 362
6 20
410 423
256 320
238 247
454 455
114 137
11 470
47 277
85 214
368 367
105 110
250 249
70 225
315 316
290 289
344 365
390 403
300 301
36 35
163 176
162 241
229 454
51 50
325 326
322 321
356 355
92 212
294 291
67 69
433 431
147 458
76 209
127 129
254 259
382 383
135 136
95 96
169 170
122 465
153 147
409 412
264 444
413 416
61 62
129 130
49 286
377 386
346 429
133 137
403 405
177 378
415 413
411 423
190 244
148 155
397 402
88 206
207 208
367 381
344 393
33 34
52 448
396 401
219 446
234 342
357 347
238 244
200 211
102 130
188 377
12 43
83 84
113 137
22 21
455 456
255 338
267 317
236 247
350 349
162 180
274 275
48 278
98 140
377 376
346 342
251 363
38 72
35 453
101 459
102 103
310 319
312 311
41 45
334 352
28 275
168 173
385 386
130 459
159 158
396 398
417 423
363 429
235 248
52 283
31 46
76 78
166 169
102 129
70 222
5 26
89 211
226 457
185 184
48 301
367 385
221 457
389 425
112 137
52 60
98 133
316 313
186 244
436 319
2 8
457 225
306 438
3 24
218 292
192 243
440 439
334 336
72 71
301 302
109 110
328 329
116 117
93 212
119 120
348 358
340 252
32 450
54 57
357 360
343 346
79 73
106 461
332 355
95 201
395 428
369 373
303 442
418 420
422 423
379 386
50 283
118 464
241 377
109 146
282 286
412 425
44 467
393 397
28 279
98 111
195 197
182 194
247 249
257 341
97 142
67 225
384 386
235 247
255 256
331 354
203 201
348 352
223 224
272 273
115 114
216 223
254 338
362 429
78 122
279 441
68 67
280 279
247 385
307 438
16 19
380 381
394 393
7 21
269 312
323 432
93 92
460 461
465 463
109 145
365 383
201 207
33 468
336 340
410 416
89 203
284 286
18 19
91 92
182 192
36 452
114 138
16 18
51 282
39 41
105 111
106 144
379 418
12 470
22 25
266 440
158 165
389 406
94 205
63 288
184 196
201 208
89 169
8 9
283 49
5 15
239 366
375 380
323 321
278 276
83 224
147 212
127 128
376 385
88 87
314 315
344 363
115 118
159 175
61 448
29 28
15 276
392 397
10 468
202 208
183 199
464 465
330 434
406 425
281 287
368 379
37 452
349 354
87 211
28 276
151 204
60 59
382 387
6 24
257 337
335 360
