358 1
357 4
1519 1
1521 3
297 1
296 4
1543 1
1553 2
1396 1
1397 3
652 2
671 4
185 1
204 3
312 1
313 2
885 1
996 3
924 1
926 3
684 1
1470 3
1248 3
1250 1
22 2
23 1
749 3
771 1
435 2
1532 6
1260 1
1298 2
1333 6
1334 1
1291 1
1403 4
1542 4
1548 1
225 1
512 3
116 1
142 3
307 7
314 4
1278 5
1360 1
1002 2
1038 1
1288 1
1289 2
1549 2
1550 5
398 1
1536 2
802 5
816 1
823 1
824 3
367 1
386 3
569 2
572 1
1303 2
337 1
353 2
877 3
1451 1
949 2
992 4
445 1
446 2
124 1
135 2
457 2
1524 1
136 4
1507 6
827 7
1013 1
299 3
298 5
500 1
498 2
682 2
681 1
536 3
583 1
1121 1
1439 2
260 1
259 2
890 2
891 4
582 2
606 1
509 2
1293 3
1352 1
755 1
762 2
730 1
733 3
922 3
1033 1
1034 2
340 1
350 4
1146 1
1148 3
971 1
1088 2
1307 1
847 1
852 2
822 4
1008 2
751 4
767 1
180 1
179 2
686 2
1471 3
267 2
273 1
159 1
160 7
1028 1
1030 2
68 2
88 1
1321 1
1323 2
989 1
990 3
1394 2
1395 7
689 3
696 1
411 1
418 5
808 4
842 7
680 2
1106 1
1430 3
960 5
966 1
1050 1
87 2
155 3
1007 1
1269 2
1402 3
389 1
394 2
866 2
868 1
612 2
659 1
245 1
244 2
1328 1
1329 2
1125 1
1137 2
788 1
845 2
1567 3
380 1
416 3
896 2
898 1
939 1
986 2
287 3
1279 2
1336 4
1086 2
1079 1
1467 1
1469 4
851 3
240 3
1568 5
277 1
278 5
1277 2
1335 3
1280 7
1281 1
173 1
1485 2
731 2
1099 3
237 2
1513 1
594 1
1478 2
1245 2
1224 1
1415 2
57 1
534 3
1058 6
1061 1
902 1
1457 2
1233 6
1413 1
120 2
119 3
294 1
1069 2
436 1
30 1
29 2
138 4
137 5
399 6
403 3
710 1
1464 2
883 2
882 5
1066 1
1078 5
848 4
850 1
379 4
401 2
1273 2
1399 6
1053 2
1054 8
853 3
1449 2
531 2
535 5
1419 3
499 3
506 4
554 1
558 2
440 3
443 2
918 1
12 2
24 4
78 5
99 3
1228 5
1230 4
422 2
1526 5
233 3
1508 1
587 1
591 3
395 4
1538 2
1529 2
1290 3
754 3
763 4
811 1
810 2
1301 1
1302 3
255 1
1516 4
324 1
1541 3
1115 2
1441 1
15 1
64 3
601 1
761 4
1131 4
1435 6
570 3
1094 5
1317 1
1287 4
590 2
608 1
152 1
150 6
814 1
818 6
96 1
94 2
219 1
1493 4
935 1
956 3
567 3
573 2
685 4
1049 3
1056 4
39 1
42 2
397 6
407 2
13 8
90 2
643 2
1475 1
441 1
444 3
1166 8
1173 1
483 1
1522 3
1120 7
1438 3
343 1
346 7
103 3
1572 2
561 2
624 3
32 3
174 4
1117 3
254 2
257 3
461 1
462 6
1145 7
1147 4
1172 2
1178 1
1093 2
1092 3
544 4
122 1
127 2
619 1
1474 2
18 1
9 5
1242 1
1244 5
1445 5
1129 1
1440 2
1561 2
1342 1
1365 2
942 2
675 1
679 2
1514 5
1344 4
1389 7
783 1
782 2
1371 1
1370 4
1063 3
1075 1
67 3
89 4
250 3
795 1
796 3
574 4
1356 1
1358 4
628 2
344 2
1271 4
1404 6
974 4
520 6
521 2
826 2
1027 7
242 1
243 4
132 1
226 4
321 5
360 1
1186 1
1424 4
631 1
691 7
672 3
673 5
1192 1
1193 2
786 2
858 1
465 1
469 2
1200 4
1401 1
678 4
1463 3
1563 3
372 1
1539 2
69 4
93 6
865 7
854 1
331 2
359 3
306 3
1422 1
1113 4
1112 6
1299 1
598 4
1488 1
3 3
1579 1
542 1
538 2
115 2
524 4
549 1
311 6
1571 4
182 1
118 2
117 3
1448 7
1247 4
1256 5
1339 1
1340 5
413 2
502 4
929 5
953 1
423 3
829 1
1026 2
1000 2
1001 3
1535 5
1530 5
1020 2
1023 3
458 6
235 2
236 3
1199 1
1425 3
571 5
636 1
640 2
1274 3
1393 4
1016 3
352 1
1122 5
1378 5
1377 1
835 1
999 4
541 2
545 3
63 6
156 5
1183 1
1182 4
284 2
316 3
1136 4
252 3
262 1
261 5
269 2
270 3
596 4
599 7
460 2
476 1
1153 1
1226 2
494 2
493 4
1127 1
764 5
773 7
1095 2
1318 3
1305 4
1306 7
73 1
910 4
338 7
794 2
1460 3
1406 2
791 1
792 6
1343 2
626 1
627 3
809 5
1320 2
611 1
496 4
1077 3
579 2
617 1
840 1
1142 2
279 2
81 1
1574 7
427 3
131 2
133 3
721 1
722 3
1502 4
466 5
632 3
846 3
1547 3
196 4
742 4
656 1
657 2
1351 3
1349 4
1249 5
302 2
382 3
837 2
35 6
1578 2
202 1
203 2
1103 2
1167 1
291 2
1482 3
769 2
772 3
54 2
1484 3
109 4
140 1
1102 3
1434 1
638 3
639 4
20 3
1011 4
365 2
387 4
973 2
977 3
431 1
432 3
438 4
439 6
415 2
437 5
1046 3
1047 4
303 1
368 2
234 6
377 3
503 1
47 2
46 4
1221 1
1420 4
700 1
702 2
100 2
289 2
1557 4
709 2
1169 4
748 2
861 3
752 5
737 3
904 1
849 5
1450 2
339 2
341 6
210 3
59 1
1310 3
1324 1
921 2
952 3
830 3
831 4
993 1
607 3
1042 2
1309 2
1073 2
1070 7
559 4
97 2
1492 3
575 3
161 3
515 1
518 4
475 5
327 3
126 3
450 4
1119 1
1573 1
946 3
45 3
1134 2
1436 5
1313 4
107 5
106 7
145 1
184 2
629 7
687 4
488 2
487 1
658 3
1105 2
1442 4
1 8
5 4
1384 2
1246 6
1149 2
1215 3
1243 4
603 2
753 7
1372 3
1511 5
618 2
648 6
668 1
943 3
1043 4
1203 1
1213 3
83 1
164 2
720 6
130 5
1503 1
517 2
766 2
774 3
889 6
888 5
662 3
746 1
790 4
1300 2
1337 3
1515 7
166 3
1385 4
833 2
832 1
1354 4
1357 5
495 5
381 4
1414 8
1416 3
1418 4
229 1
375 3
644 4
622 3
871 2
872 3
1109 3
1108 4
292 3
293 6
995 1
923 4
661 4
1562 2
429 7
453 3
1157 1
1159 2
1265 2
308 2
1350 6
1555 2
505 5
719 1
900 5
930 6
775 5
256 5
1583 1
1580 2
222 2
1496 3
916 2
1552 6
1551 5
1032 4
1052 5
176 1
396 1
1537 4
597 5
1480 7
1275 6
1359 3
586 2
1483 1
1501 4
400 5
402 4
553 2
556 3
504 3
892 1
1454 7
828 4
1176 3
1207 2
1055 7
228 2
511 3
1022 5
1154 3
1155 6
642 1
1348 2
128 4
1379 3
1380 2
1375 2
65 5
1141 1
1369 3
1381 1
664 2
665 3
157 1
472 2
1494 3
593 3
893 2
945 4
304 5
965 4
1220 5
934 2
1453 3
80 2
1575 5
11 5
10 3
595 5
600 6
1545 7
1546 6
1111 5
1565 5
1059 5
519 1
74 3
79 4
123 7
125 5
799 2
1459 7
947 6
944 2
577 2
605 4
1089 5
962 1
214 6
528 2
249 4
70 5
163 3
991 1
393 4
1212 4
1251 2
1065 3
1072 4
841 6
983 5
1444 6
1104 6
419 3
246 4
1353 5
1139 2
134 6
744 4
870 5
456 1
463 7
467 3
1241 3
704 3
1465 2
295 5
1437 3
604 8
1160 3
1427 2
1332 2
982 4
1267 6
1411 3
253 4
724 3
723 4
1189 2
576 5
581 6
1504 7
1276 1
38 5
1576 4
405 3
404 2
925 6
383 5
1589 4
1590 5
525 3
539 4
364 4
366 5
14 4
735 3
901 2
149 2
803 6
1019 4
1021 1
194 1
514 5
212 4
1487 6
323 4
677 5
105 2
981 5
1068 4
552 3
560 6
692 3
1009 5
726 6
1232 2
951 4
950 5
1554 7
448 3
1569 4
26 5
221 4
1495 1
470 3
2 6
4 5
317 4
1163 2
102 5
1582 1
1581 7
420 4
1525 5
707 7
486 4
713 4
716 2
1556 8
1123 7
1236 3
588 6
1479 3
1456 3
1152 4
1225 8
62 2
213 2
825 5
153 2
1284 1
1294 6
148 3
183 6
637 5
641 6
655 5
613 4
1527 3
1316 4
616 4
147 7
1012 6
1361 5
1477 1
1150 5
909 5
1491 1
104 5
1518 7
288 7
1060 6
1085 3
1206 5
941 1
703 6
1124 6
139 6
776 4
778 4
793 5
414 5
630 4
1235 2
938 3
1446 2
263 3
1174 2
1429 1
1400 5
266 5
434 1
1074 5
1076 2
565 3
192 1
193 2
44 1
48 4
40 7
1202 2
1165 6
482 4
1177 6
1101 4
1130 2
1133 3
1138 4
417 7
92 5
610 7
1017 5
777 7
1584 4
1586 3
874 1
363 3
361 5
1015 7
223 3
568 6
433 4
199 3
936 2
635 6
1048 8
425 4
1392 5
1398 7
649 2
650 3
1126 7
738 2
1531 3
804 3
819 2
602 6
1499 1
1588 7
609 7
1312 5
1322 3
274 4
1304 5
207 3
209 4
215 1
305 1
315 5
392 1
1544 4
86 4
1540 5
356 2
1476 3
1081 1
1087 4
43 3
634 7
1473 4
711 4
1114 5
756 3
239 7
1386 6
988 3
743 6
1181 6
1190 3
1559 8
8 4
7 1
1057 2
468 4
699 5
58 3
529 5
580 7
171 3
170 2
172 4
31 6
33 5
765 6
82 2
112 3
797 4
798 1
905 5
1455 4
1426 5
276 3
198 2
197 5
186 4
188 5
28 6
1151 7
326 5
56 4
55 5
705 4
1227 6
471 6
17 8
1591 7
1171 4
1082 3
406 7
52 4
51 5
1118 7
1585 2
906 6
50 7
6 8
318 5
342 3
1208 6
1428 4
1558 5
759 5
329 4
933 4
1461 6
1500 4
1345 3
388 5
1252 1
1254 3
1234 4
1382 5
390 3
485 3
1362 6
447 7
856 1
862 2
162 4
258 1
745 6
1045 6
497 6
1216 2
1383 4
373 4
566 6
1447 4
84 5
490 3
863 4
758 5
1096 1
969 1
1090 6
812 3
801 4
806 5
859 5
860 4
958 1
959 2
1261 3
320 7
1405 7
526 2
1229 7
264 6
879 3
881 4
940 4
987 6
328 6
280 4
873 6
1458 7
750 6
473 5
484 7
1201 6
994 5
187 5
1505 6
410 6
928 6
887 3
1107 6
1162 4
975 7
1005 3
1004 5
1258 7
1240 2
1421 1
543 5
454 5
114 4
817 4
376 2
449 6
1164 7
421 7
984 7
548 3
563 2
251 7
1018 7
1051 2
1204 2
1214 5
589 4
948 5
1168 2
1170 6
651 4
72 4
715 3
1262 2
979 4
1498 5
268 8
272 4
1490 4
807 6
1255 6
1577 6
780 5
779 2
666 5
1144 5
1140 6
546 2
374 6
1037 4
937 6
533 6
785 3
844 5
1188 3
911 6
290 4
481 7
741 5
1560 7
384 7
663 5
895 3
768 4
998 5
1025 3
85 6
1158 5
354 4
551 1
789 7
98 7
976 6
978 5
238 5
141 5
557 6
1024 6
676 6
1566 6
728 5
725 2
325 6
1423 1
1035 4
507 5
508 6
1409 7
1180 4
912 5
523 2
480 2
1346 4
1408 4
614 6
654 3
195 7
815 5
615 5
41 8
247 7
1387 4
717 5
336 4
220 5
479 3
1067 2
787 6
1432 5
839 6
218 5
189 4
178 1
310 3
578 6
1367 1
1268 5
1331 4
1468 5
690 5
660 7
1297 7
805 6
113 6
478 4
1376 7
95 7
770 7
838 3
1509 4
1510 7
49 6
121 6
27 8
167 4
1410 4
1564 2
1314 5
964 2
963 3
492 5
693 5
985 4
1431 4
129 3
227 5
451 6
36 7
1347 5
1363 3
1327 5
1326 4
547 6
903 4
530 6
334 5
1010 4
667 3
623 6
1296 4
1272 6
335 7
1196 2
1222 3
230 5
200 4
201 6
208 2
927 1
813 4
205 3
211 5
820 6
1116 5
760 6
76 6
1187 7
653 4
1098 7
146 2
190 6
75 8
968 5
1091 4
1472 6
175 3
1080 7
670 6
1097 5
426 5
1355 6
181 4
1062 5
739 4
378 6
1373 7
907 3
300 2
177 2
455 6
1517 5
1295 5
919 2
931 5
333 3
16 7
501 6
1390 5
265 7
1489 3
491 4
647 5
285 6
1161 7
1156 5
1041 6
695 6
864 5
281 7
283 7
701 5
732 6
914 7
351 5
1064 7
564 5
694 7
1036 6
967 3
869 3
231 4
409 4
1191 5
1533 5
241 7
1185 7
683 6
25 6
1286 7
319 6
412 6
1587 5
592 6
1219 3
1218 6
1143 4
108 7
1217 5
625 5
1325 5
282 6
734 6
1040 5
1135 6
408 5
165 6
154 5
1110 7
917 4
452 5
697 2
1132 1
330 1
1259 6
1486 5
513 4
1570 5
111 7
1506 7
1003 1
884 5
1523 5
880 7
954 5
718 3
206 4
714 1
957 6
1282 4
516 3
1308 6
169 5
168 6
961 4
784 5
1407 7
60 6
322 8
464 6
980 3
1417 6
1006 7
371 5
1520 4
61 5
424 1
698 6
1197 4
1412 7
633 6
101 7
727 4
729 7
385 6
144 6
1497 6
1029 6
1128 7
1443 4
1388 7
970 6
843 3
71 6
836 3
674 7
191 7
834 6
158 3
477 6
489 6
1184 6
955 7
1223 8
1231 5
894 6
781 6
217 7
1211 3
1253 5
527 7
1512 6
224 5
522 5
997 6
430 5
19 6
712 5
584 5
1283 3
370 6
510 5
91 7
77 1
878 4
645 5
669 5
1368 6
1391 4
706 6
740 7
1195 5
309 7
550 6
1257 6
232 5
646 6
562 4
1528 6
1198 7
1210 5
821 5
332 7
867 7
757 7
1084 5
301 1
1366 7
66 6
286 4
1292 8
540 6
1534 7
110 6
1194 6
1311 6
897 4
932 7
1462 1
1044 5
1238 4
532 1
908 7
886 4
1270 7
275 8
1083 6
1263 3
53 7
875 3
1452 6
915 6
216 5
972 4
34 1
555 5
876 4
857 7
143 5
537 1
620 5
442 5
800 6
708 3
1175 5
248 1
920 1
1374 6
391 5
899 6
1338 6
428 6
21 7
1364 6
913 6
1179 6
585 7
345 3
1319 7
474 6
855 6
1071 6
1341 3
355 6
736 5
1237 7
688 1
1264 5
369 1
1209 4
348 7
1205 6
151 5
621 1
1266 5
1315 6
1031 5
1100 2
1466 5
1039 6
347 6
1481 4
1285 8
1014 2
271 6
459 3
1239 6
747 6
1433 5
37 3
349 5
1330 5
362 6
