358 357
1519 1521
297 296
1543 1553
1396 1397
652 671
185 204
312 313
885 996
924 926
684 1470
1248 1250
22 23
749 771
435 1532
1260 1298
1333 1334
1291 1403
1542 1548
225 512
116 142
307 314
1278 1360
1002 1038
1288 1289
1549 1550
398 1536
802 816
823 824
367 386
569 572
1248 1303
337 353
877 1451
949 992
445 446
124 135
457 1524
136 1507
827 1013
299 298
500 498
682 681
536 583
1121 1439
260 259
890 891
582 606
509 512
1293 1352
755 762
730 733
891 922
1033 1034
340 350
1146 1148
971 1088
1303 1307
847 852
822 1008
751 767
180 179
686 1471
267 273
159 160
1028 1030
68 88
1321 1323
989 990
1394 1395
689 696
411 418
808 842
681 680
1106 1430
960 966
1050 1030
87 155
1007 1008
1269 1402
389 394
866 868
612 659
245 244
1328 1329
1125 1137
788 845
245 1567
380 416
896 898
939 986
259 287
1279 1336
1086 1079
1467 1469
852 851
240 1568
277 278
1277 1335
1280 1281
173 1485
731 1099
237 1513
594 1478
1245 1260
1224 1415
57 534
1058 1061
902 1457
1233 1413
120 119
294 298
1069 1079
436 435
30 29
138 137
399 403
710 1464
883 882
1066 1078
848 850
379 401
1273 1399
237 1567
1053 1054
853 1449
1333 1336
531 535
1413 1419
499 506
554 558
440 443
918 1457
12 24
78 99
1228 1230
422 1526
233 1508
587 591
395 1538
436 1529
1289 1290
754 763
811 810
1301 1302
255 1516
324 1541
1115 1441
15 64
601 761
1131 1435
570 606
1094 1317
1287 1293
590 608
152 150
885 1449
814 818
96 94
219 1493
935 956
567 573
686 685
1049 1056
39 42
397 407
13 90
643 1475
441 444
1166 1173
483 1522
1120 1438
343 346
103 1572
561 624
32 174
1117 1441
254 257
461 462
1145 1147
1172 1178
1093 1092
544 573
122 127
619 1474
18 9
1242 1244
990 1445
1129 1440
278 1561
1342 1365
989 942
675 679
1514 1513
1344 1389
1279 1280
783 782
1371 1370
1063 1075
67 89
250 1561
795 796
573 574
1356 1358
624 628
344 346
1271 1404
966 974
520 521
826 1027
242 243
132 226
321 360
1186 1424
631 691
672 673
1192 1193
786 858
465 469
1193 1200
1404 1401
678 1463
242 1563
372 1539
69 93
865 854
331 359
312 306
1245 1422
1113 1112
1298 1299
1478 598
1485 1488
3 1579
542 538
115 142
524 549
311 314
30 1571
182 204
118 117
852 1448
1247 1256
1339 1340
413 502
929 953
423 422
829 1026
1000 1001
398 1535
445 1530
823 826
1020 1023
458 1524
235 236
1199 1425
536 571
636 640
1274 1393
1016 1026
353 352
569 583
1122 1112
1378 1377
835 999
541 545
63 156
1183 1182
284 316
1173 1172
1121 1136
252 254
262 261
269 270
596 599
460 476
423 1524
1153 1226
494 493
1117 1127
764 773
1095 1318
1305 1306
73 78
730 910
350 338
794 1460
1293 1406
791 792
1343 1389
626 627
788 809
1224 1226
1321 1320
612 611
558 496
1077 1078
579 617
808 840
1142 1148
279 278
81 1574
389 427
131 133
721 722
132 1502
466 632
788 846
1547 1549
204 196
681 742
656 657
1352 1351
1277 1349
672 1467
1247 1249
302 382
837 1007
35 1578
202 203
1103 1167
291 297
57 1482
769 772
225 509
54 1484
1335 1349
1069 1078
109 140
1102 1434
638 639
12 20
823 1011
399 416
365 387
973 977
431 432
438 439
120 137
379 415
437 440
1046 1047
303 368
236 234
377 503
47 46
1221 1420
700 702
100 99
289 1557
709 1169
748 861
752 761
737 904
849 848
1451 1450
339 341
210 59
1310 1324
921 952
830 831
993 992
100 1574
590 607
1038 1042
343 344
1309 1324
1073 1070
561 559
96 97
219 1492
575 611
97 161
515 518
462 475
327 331
122 126
443 450
1119 1438
1573 1572
946 993
39 45
1134 1436
1033 1030
1313 1323
107 106
145 184
559 629
640 687
488 487
658 659
1105 1106
1442 1441
1 5
1377 1384
461 475
1246 1247
939 1445
1146 1149
1215 1243
1302 1305
603 753
1372 1384
1511 1513
618 656
648 668
943 1043
1203 1213
83 164
720 1464
130 1503
517 518
1279 1281
766 774
244 1514
889 888
662 746
794 790
1300 1337
250 1515
166 180
1384 1385
833 832
1354 1357
496 495
302 381
1414 1413
1416 1418
229 375
644 622
871 872
1109 1108
292 293
996 995
923 1450
661 746
242 1562
429 437
450 453
69 96
1157 1159
1265 1288
308 312
1280 1350
1543 1555
499 505
719 900
929 930
1002 1001
767 775
256 1508
1583 1580
222 1496
5 1579
918 916
1552 1551
1032 1052
174 176
396 1537
597 1480
1275 1359
586 1483
225 1501
400 402
553 556
413 504
816 818
892 1454
827 828
1176 1207
1054 1055
228 511
829 1022
1154 1155
643 642
1349 1348
119 106
569 571
124 128
1379 1380
1375 1377
542 545
65 1571
1141 1142
921 1454
1369 1381
664 665
89 157
1016 1022
418 461
472 1522
1494 1493
593 594
891 893
946 945
13 18
284 304
965 1317
1199 1220
934 1453
80 1575
11 10
46 595
596 600
1545 1546
509 1501
1108 1111
243 1565
854 853
1033 1059
518 519
74 79
123 125
799 1459
947 944
577 605
1372 1089
960 962
214 528
249 277
70 163
946 991
389 393
791 794
1212 1251
534 569
1065 1072
841 849
983 1444
1104 1111
159 156
518 521
1394 1396
411 419
246 1511
81 1575
1352 1353
1147 1139
123 134
744 870
444 456
134 1503
463 467
1241 1242
704 1465
1034 1046
138 1521
295 296
1436 1437
605 604
1160 1427
1332 1340
982 1075
1267 1411
253 277
724 723
1189 1192
576 581
1504 133
1275 1276
38 1576
405 404
137 1521
888 925
302 383
1589 1590
525 539
364 366
14 20
735 901
149 204
803 816
1019 1021
194 514
212 1487
323 324
677 1469
105 137
981 1068
552 560
692 494
1009 1011
726 902
132 511
1232 1221
951 950
1103 1102
1542 1554
352 448
118 1569
883 877
15 26
221 1495
470 494
2 4
260 317
1562 1568
1163 1182
100 102
12 1582
1581 1583
420 1525
707 709
472 486
339 448
713 716
1551 1556
752 762
1121 1123
1232 1236
588 1479
893 1456
1250 1303
606 607
1152 1225
62 176
210 213
1342 1344
824 825
791 1460
814 822
1228 1233
150 153
1284 1294
1052 1054
561 626
148 183
637 641
655 613
441 1527
1105 1430
1093 1316
567 616
147 184
971 1089
828 1012
1360 1361
561 1477
1149 1150
910 909
1313 1320
544 1491
104 1518
257 288
1052 1060
494 696
1085 1079
989 1043
1145 1139
1172 1206
579 611
1034 941
686 703
1124 1157
298 372
140 139
766 776
624 1475
1125 1436
778 793
414 415
631 630
1235 1288
938 1446
263 1550
166 179
691 692
1174 1429
429 436
1393 1400
453 1129
1324 1323
266 269
435 434
1178 1206
1074 1076
565 618
192 193
44 48
38 40
1192 1202
1111 1165
465 482
1177 1101
1130 1133
1138 1157
938 983
1273 1274
415 417
1507 1508
69 92
308 323
297 298
576 610
829 1017
767 777
256 1516
1482 1483
1583 1584
5 1586
398 403
871 874
1552 1541
363 361
825 1015
223 222
1068 1066
536 568
1016 1017
353 433
150 199
936 956
635 638
1048 1056
1120 1122
419 461
1546 1555
425 1529
261 260
1392 1398
649 650
730 731
70 161
1126 1147
738 737
1532 1531
804 819
602 603
524 1499
1586 1588
608 609
1312 1322
269 274
890 889
1123 1138
1303 1304
677 680
207 209
215 528
305 315
392 393
841 851
1544 1545
249 1561
87 86
1460 1459
1540 356
628 1476
1081 1087
40 43
1065 1073
630 634
648 1473
710 711
1153 1416
159 163
240 242
207 528
456 1114
612 756
239 243
131 226
1385 1386
939 988
568 616
1353 1406
681 743
1181 1190
279 1559
1277 1358
8 7
1066 1074
1057 1059
463 468
1502 228
132 228
618 1473
1224 1416
1032 1034
253 1561
641 699
58 529
576 580
171 170
30 172
31 33
765 775
82 112
797 798
78 100
365 366
905 1455
360 359
1189 1426
1427 1426
1561 276
853 1448
1103 1166
88 155
198 197
303 364
186 188
14 28
1151 1152
440 441
1276 1358
323 326
56 55
677 1470
702 705
1227 1418
1227 1230
469 471
1121 1112
1232 1233
17 1591
1103 1171
401 402
971 1082
406 422
52 51
420 460
1118 1122
1579 1585
906 1455
47 50
2 6
1151 1153
591 599
260 318
1562 276
262 279
406 1536
885 1448
707 710
343 342
1208 1428
1559 1558
761 759
327 329
64 1571
893 1454
930 933
777 1461
521 1500
1049 1053
1342 1345
387 388
1252 1254
559 627
640 641
102 103
1123 1437
1228 1234
1377 1382
390 394
462 465
485 486
1093 1317
1360 1362
434 447
856 862
774 773
83 162
253 258
488 689
579 658
745 870
1034 1045
1105 1109
497 496
1216 1242
1377 1383
373 1539
566 617
989 1447
84 82
486 490
603 754
1511 1518
9 1578
858 863
499 1502
720 901
612 758
1096 1095
969 1090
812 840
801 806
859 860
958 959
1244 1261
306 320
130 131
468 632
263 1558
1393 1405
526 525
1229 1227
56 531
266 264
308 307
879 881
940 987
328 358
703 704
263 280
234 1513
873 1458
255 1515
924 921
1248 1249
44 46
749 750
473 484
1192 1201
3 1581
1290 1403
923 994
938 986
594 595
182 187
372 415
127 1505
1157 1160
541 539
413 503
410 1525
929 928
887 1042
906 929
1552 1556
1107 1162
975 977
1005 1004
822 823
1248 1258
1240 1421
543 544
454 1442
610 761
112 114
536 569
799 817
376 500
353 449
1165 1164
152 187
418 421
94 161
936 984
541 543
548 563
635 639
252 251
604 610
1018 1051
1123 1124
1220 1421
1546 1554
1117 1119
1204 1214
250 255
588 589
947 948
619 649
1168 1170
649 651
543 1491
1050 1051
73 72
136 135
715 721
1126 1138
1262 1421
979 1085
1304 1305
602 753
524 1498
1093 1318
268 272
538 1490
807 810
1212 1255
1303 1302
1545 1549
39 1577
780 779
123 126
666 744
344 1144
1140 1436
581 605
545 546
389 395
744 866
374 375
721 720
40 44
944 1037
650 651
715 1464
937 1446
57 533
785 844
711 721
1189 1188
911 1095
290 289
380 401
475 481
742 741
381 382
279 1560
724 1464
1277 1350
384 403
663 746
576 577
611 756
896 895
28 90
295 299
769 768
225 226
850 998
1025 1052
765 777
82 85
405 1537
1137 1158
44 1577
711 1464
431 354
552 551
789 796
72 98
976 978
364 368
238 245
116 141
1335 1348
280 262
554 557
1164 1430
470 691
436 437
1019 1024
1151 1154
420 1535
671 676
352 1531
238 1566
1276 1350
1227 1419
748 858
723 728
104 105
361 389
725 726
324 325
750 763
1227 1423
1033 1035
354 1532
921 951
591 600
882 1448
507 508
406 1535
1248 1409
1180 1207
235 1508
575 605
911 912
523 1493
480 1522
588 609
122 123
446 1531
1126 1437
1342 1346
1252 1408
397 405
117 1572
579 614
1052 1055
654 656
637 642
185 195
720 719
1172 1177
1146 1147
815 819
622 1474
508 1501
1213 1212
67 157
107 1572
1166 1172
615 617
6 7
1136 1437
39 41
247 1511
1105 1108
1377 1387
717 719
336 337
220 517
479 1439
1067 1444
785 787
1172 1432
573 617
812 839
958 974
218 219
1032 1030
572 616
189 194
410 422
959 976
465 467
364 383
1275 1356
1291 1402
753 598
368 402
179 178
308 310
1519 1518
578 579
1306 1329
1365 1367
185 186
1268 1403
5 1581
1113 1121
1331 1339
924 925
684 1468
1536 1535
1563 1568
632 690
613 660
3 1582
1178 1432
1260 1297
787 808
116 117
410 1524
922 921
904 1456
829 1019
398 404
802 805
1107 1163
975 979
529 542
1048 1047
113 114
1343 1344
125 1505
1068 1069
221 515
542 543
478 1524
1369 1376
949 950
1236 1420
1401 1405
449 352
755 610
400 1536
70 95
1348 1361
284 317
252 253
770 748
1123 1125
822 838
1509 1510
49 593
548 1491
121 135
690 493
921 950
1127 1126
588 597
549 1498
27 64
257 1557
167 176
70 159
1126 1139
1262 1410
240 1564
1304 1307
1313 1314
795 1460
298 374
268 273
964 966
386 388
342 341
962 963
780 791
1013 1012
658 758
666 868
1142 1435
960 963
1140 1148
123 135
106 139
292 374
486 492
463 466
1125 1126
1322 1323
1332 1336
724 725
456 1115
290 291
294 293
640 693
939 985
969 1320
579 758
1159 1431
1181 1180
716 720
129 227
742 896
451 453
56 57
8 36
1347 1363
744 871
1245 1250
531 533
909 918
1327 1326
1331 1332
769 771
547 619
902 903
149 187
58 530
290 293
803 802
845 842
263 1548
823 1015
334 432
82 113
399 401
973 975
1277 1360
1189 1208
837 1010
115 141
1273 1400
525 524
64 65
406 410
1542 1552
238 244
667 676
1335 1360
1164 1429
395 436
1230 1419
623 622
264 263
289 1510
722 723
238 1567
323 1541
404 1537
1297 1296
258 1516
1272 1401
335 449
7 1586
1196 1222
17 64
754 761
52 586
1579 1588
230 373
1313 1322
200 201
941 1058
1256 1409
773 780
208 209
798 810
1297 1302
637 638
927 936
203 218
813 814
523 1492
205 526
104 139
414 413
443 444
211 210
342 1142
387 389
397 396
102 1573
770 859
745 866
992 1446
434 1532
1 2
820 819
1116 1440
786 844
1082 1385
760 759
1215 1216
934 981
316 304
76 1573
622 1475
618 614
1186 1187
648 653
1543 1546
288 287
1096 1098
146 190
130 134
600 752
1150 1416
75 74
678 743
40 1576
778 779
251 1561
968 1091
662 1472
1216 1244
174 175
1106 1111
1080 1087
1172 1101
959 974
220 519
790 798
166 167
670 679
390 1538
806 812
499 228
1097 1098
840 849
396 426
571 616
1355 1406
181 197
1046 1062
38 42
519 552
32 211
719 739
476 479
220 521
378 1539
364 384
1275 1358
1370 1373
1229 1418
687 699
1229 1230
410 1535
887 1451
307 312
906 907
300 378
652 673
185 188
167 177
455 1116
1552 1553
1113 1122
255 1517
1188 1200
212 55
195 194
1298 1295
919 931
749 770
901 902
3 1580
280 279
951 953
333 1540
16 28
1247 1422
116 115
500 501
1365 1390
1131 1142
802 804
265 266
363 366
975 1081
529 538
1048 1053
52 1489
639 640
825 1027
47 1488
1369 1377
491 707
1016 1021
649 647
285 316
622 643
1161 1156
1001 1041
70 94
338 448
29 1571
891 892
548 547
1348 1362
284 318
1154 1153
483 485
695 493
864 854
262 281
1250 1256
11 12
251 258
283 316
509 511
1153 1225
203 1495
701 707
1204 1212
74 78
731 910
939 984
588 590
1287 1291
1307 1309
755 759
730 732
123 136
1328 1327
914 912
340 351
934 1444
1303 1306
1065 1064
180 181
1224 1225
564 1477
806 840
215 529
911 1098
786 787
689 694
313 320
495 631
808 845
475 476
246 247
1544 1547
943 1036
1056 1060
564 565
967 973
557 627
574 581
106 138
744 869
1114 1115
346 1149
1382 1383
10 13
1160 1431
231 292
405 409
380 402
1279 1351
272 273
495 692
1181 1191
194 223
742 873
451 1129
888 923
384 404
837 840
237 1511
351 338
1327 1343
58 531
1233 1414
1069 1077
183 185
737 903
333 1533
241 242
987 1063
1185 1431
360 357
528 542
613 1472
1273 1405
683 713
352 447
1169 1434
437 1529
230 297
732 1097
11 25
422 1525
1180 1429
1284 1286
258 319
1334 1348
1012 1011
412 421
7 1587
592 1478
1196 1219
683 682
754 762
409 1526
104 103
1250 1258
52 587
1115 1442
211 212
667 678
601 607
805 817
1395 1399
773 783
1309 1310
356 392
1052 1049
637 639
97 99
441 1529
1023 1051
544 568
147 148
947 993
1218 1421
434 440
443 445
1158 1162
342 1143
946 1042
1134 1435
190 223
658 612
874 890
514 1496
108 103
1142 1144
1217 1216
561 625
1140 1126
1216 1243
690 696
720 722
462 481
535 1490
1116 1438
647 668
1325 1324
760 763
853 885
282 315
1203 1214
1149 1152
735 734
75 76
944 1040
76 108
778 791
519 520
743 1463
820 1007
572 571
1080 1079
530 1490
912 964
539 542
84 85
1356 1357
790 799
398 405
9 1589
1171 1172
1135 1136
982 981
56 58
396 408
580 615
468 696
165 198
652 668
988 987
991 1036
665 746
1405 1399
154 180
360 1538
473 472
1176 1178
1111 1110
1516 1517
311 312
917 907
1206 1101
577 578
190 188
450 452
1229 1419
687 697
1280 1357
307 323
1192 1426
181 199
1131 1132
5 1580
1107 1158
330 359
1248 1259
825 832
1485 1486
223 513
32 170
145 1570
660 664
112 111
1291 1404
1507 1506
418 419
201 208
541 524
816 815
892 1455
121 123
1288 1290
635 636
999 1003
884 1450
330 1540
1020 1022
478 1523
515 1494
484 1522
921 1455
1016 1027
1168 1102
569 1490
285 304
1161 1183
715 711
880 854
1134 1140
927 954
1037 1040
682 718
325 326
353 1531
18 1591
1250 1409
418 504
1123 1137
46 51
582 605
494 689
207 206
1117 1135
701 714
1095 1254
947 991
808 809
934 957
1042 1041
73 74
943 1035
1352 1282
516 517
1304 1308
169 168
914 961
340 1131
784 787
180 198
207 214
447 448
1321 1407
651 652
60 209
239 240
123 128
111 1575
411 410
313 321
808 846
312 322
475 480
464 467
1066 1072
574 580
957 980
106 1519
322 321
1382 1387
10 18
982 1444
923 925
703 1468
823 1008
1091 1314
31 172
765 767
1226 1227
709 724
137 1518
888 924
1247 1245
837 839
1351 1356
1226 1417
662 858
687 693
1006 1008
149 186
15 28
120 121
371 380
228 227
980 979
1520 1521
682 1469
399 402
61 178
578 759
552 553
616 566
1389 1367
408 424
698 700
1196 1197
1333 1339
264 1558
1413 1412
118 140
633 690
129 1505
741 895
228 507
354 1533
484 486
2 3
700 704
100 101
1287 1289
590 598
727 735
472 485
422 1524
402 1536
293 298
587 597
1551 1554
469 690
1281 1282
900 903
729 1097
1050 1054
552 1500
1310 1328
385 388
1095 1094
252 319
559 626
814 820
208 59
1309 1328
1326 1375
144 149
148 184
390 395
1334 1362
121 138
1497 1495
67 92
830 1029
1124 1126
695 696
579 613
1120 1439
1128 1436
1140 1145
144 184
1 4
485 487
939 1447
479 1523
603 604
1129 1443
937 938
1149 1154
1543 1549
792 793
1344 1388
624 1477
944 1043
244 247
76 80
970 1088
321 358
572 567
1063 1076
843 842
71 164
465 466
539 538
84 113
1109 1432
833 1009
1067 1077
836 1010
1135 1436
697 698
266 268
153 180
160 164
132 227
1113 1118
674 676
192 191
154 179
1362 1363
641 1471
1273 1272
1193 1201
917 918
1275 1274
687 698
1157 1158
862 864
887 1450
906 919
1278 1335
698 1471
1252 1251
178 60
767 774
1552 1555
909 1457
851 1449
1049 1061
236 1508
597 1479
16 29
150 187
326 328
834 1000
848 852
854 882
1348 1347
829 1024
421 461
265 269
18 1590
343 1142
884 1449
834 1004
87 158
460 477
337 449
1117 1128
701 705
1127 1140
1249 1422
1165 1166
629 638
489 493
1161 1184
1024 1054
891 889
1259 1297
13 15
51 592
1110 1173
615 614
934 955
1223 1231
1212 1252
46 594
835 1004
894 893
780 781
217 526
728 731
1211 1253
960 961
1105 1111
598 609
520 1500
1056 1055
516 519
794 1459
628 1475
1325 1381
28 27
463 462
126 127
73 164
1354 1406
564 1473
982 1074
207 527
456 455
557 1500
1133 1440
931 1453
989 1446
1060 1059
246 1512
656 653
129 224
464 468
564 623
967 969
1066 1073
444 454
10 9
171 33
1047 1059
334 354
521 522
852 997
981 980
63 155
837 1006
120 1520
525 541
853 882
1351 1358
811 813
849 839
1108 1174
427 430
827 1022
377 1539
803 804
554 553
682 1470
505 497
1230 1414
523 549
638 640
12 19
273 276
472 471
981 1067
500 502
838 1008
1012 1016
1121 1122
1503 1504
241 1563
420 461
1542 1551
930 931
118 1570
14 1590
1152 1153
712 716
667 666
221 1497
676 677
280 281
921 926
1196 1425
591 597
260 283
200 178
1581 1582
108 140
582 584
1262 1261
1389 1390
1297 1299
587 590
205 206
893 1455
16 1571
815 820
1283 1352
1310 1327
387 386
1252 1256
370 379
830 829
791 1461
1150 1225
510 512
1123 1136
1309 1327
443 1530
1073 1074
655 656
1082 1088
501 498
76 102
508 511
560 627
686 699
743 869
1133 1141
217 1498
79 1574
1233 1236
71 160
92 91
861 863
1035 1045
79 80
785 788
341 350
1147 1148
67 156
571 567
826 1016
766 775
328 331
783 784
40 1485
77 100
1046 1045
778 792
166 181
1384 1383
1171 1170
368 383
865 878
307 310
1365 1363
1416 1415
644 645
652 669
1368 1367
871 873
1202 1201
341 1130
1362 1391
38 39
1546 1549
1176 1206
223 224
706 707
465 473
378 415
197 205
740 895
242 1568
1289 1404
951 928
700 1471
415 503
1072 1078
1370 1375
127 1569
865 883
1195 1219
235 1515
1278 1349
904 903
309 324
767 776
813 1007
999 1002
1552 1554
1202 1215
549 550
1248 1257
232 297
877 1458
1272 1274
570 584
1337 1336
725 1434
400 416
1317 1318
979 1080
643 646
265 264
343 1143
549 562
1120 1119
725 1097
599 1478
854 883
425 1528
1198 1219
45 46
1165 1174
619 648
629 639
666 678
23 25
841 852
1 1580
891 905
68 158
1210 1213
1259 1296
1304 1302
254 1516
602 601
595 596
1586 1587
325 1541
603 761
269 273
322 328
60 208
196 1496
821 823
329 332
1258 1305
666 867
344 1143
581 582
1056 1057
1210 1255
1259 1302
557 559
169 174
40 42
626 625
126 192
937 990
405 408
447 450
850 851
651 668
60 59
612 757
239 245
380 382
495 634
129 225
344 1146
1277 1357
8 9
1066 1070
310 312
239 1566
35 36
444 455
1325 1388
1084 1087
1125 1138
1103 1110
1245 1249
295 301
742 1463
909 917
1345 1366
1108 1165
1058 1059
1032 1033
750 770
171 29
66 90
721 1464
938 939
30 171
260 286
1234 1411
1291 1292
765 774
797 796
78 98
973 969
521 552
105 1520
528 540
976 977
367 384
1351 1350
393 1534
909 916
668 670
803 817
980 1067
1018 1022
671 667
727 728
472 483
323 325
110 1570
1194 1200
1276 1357
981 1066
267 1563
616 615
500 504
1107 1108
1350 1359
42 45
230 229
412 419
723 726
261 279
1274 1401
878 854
332 359
241 1562
1311 1373
1542 1541
722 901
741 897
866 865
13 1591
280 282
949 948
1019 1054
1328 1343
591 590
1249 1297
1581 1580
722 728
481 1522
1284 1295
582 609
1262 1284
1334 1347
327 328
196 203
45 1577
588 1480
498 502
544 545
930 932
434 438
1050 1055
824 826
103 1573
208 214
1283 1406
1377 1380
1203 1428
506 511
612 1462
462 480
731 1098
1172 1176
1127 1437
75 101
86 156
1119 1136
743 742
482 1522
1149 1151
336 352
334 337
1217 1241
1140 1147
79 1575
757 756
989 1044
461 480
1235 1238
71 162
938 984
944 943
945 944
1393 1397
836 839
1352 1406
56 532
735 908
792 795
1029 1028
1125 1437
160 162
839 1008
5 1578
772 860
334 333
778 794
1063 1062
410 420
1174 1432
26 91
450 454
1229 1414
1171 1177
697 700
179 200
307 311
300 371
636 693
652 670
867 870
1113 1120
885 886
1188 1193
685 703
1248 1245
232 292
44 47
1270 1356
919 929
38 41
632 494
613 657
1111 1164
597 598
2 1583
112 81
311 313
1370 1378
705 715
862 880
70 71
922 923
887 994
1192 1428
309 326
363 364
529 539
807 811
124 125
1171 1432
1240 1420
110 142
356 1533
141 140
824 1011
706 711
48 1486
265 275
1082 1083
332 1533
538 544
460 1525
533 534
927 992
1231 1221
1220 1420
1263 1421
49 53
283 317
155 62
288 1557
701 706
1095 1099
1580 1584
728 729
875 891
1082 1086
514 221
419 1525
946 947
254 319
602 604
595 599
1325 1369
608 607
340 341
209 59
934 1452
1231 1236
1098 1318
916 915
207 216
245 247
1211 1255
778 1460
581 606
1057 1060
557 626
568 1490
463 464
40 45
699 698
1017 1025
970 1089
57 531
447 451
1133 1435
60 213
239 244
131 227
454 453
821 838
329 358
1004 1029
1069 1070
732 909
495 633
31 32
716 721
451 452
25 91
8 35
967 972
310 323
239 1567
35 34
786 880
611 757
912 1093
660 1472
237 247
1164 1181
351 350
291 293
231 230
697 1471
758 757
297 375
371 381
1139 1155
554 555
395 396
31 173
1048 1061
765 776
32 1487
44 1576
905 1456
1247 1250
1350 1335
191 193
525 542
367 403
16 65
420 421
1542 1550
1226 1423
687 1471
1006 1010
427 436
1022 1023
116 109
554 556
638 641
700 701
671 675
11 22
1228 1229
1545 1551
1227 1415
1012 1015
7 1584
917 1457
198 201
52 593
1542 1556
1269 1401
1579 1586
1553 1551
872 876
602 609
175 176
746 857
144 143
820 821
1243 1422
1297 1301
373 374
575 606
515 516
1093 1094
523 1499
480 1523
588 608
498 504
1360 1359
817 818
434 433
1126 1436
370 400
530 537
1249 1302
510 1501
103 106
874 875
1303 1409
992 990
1052 1056
462 466
1233 1234
786 859
86 163
658 757
1525 1524
1158 1183
497 1501
648 650
620 1473
282 283
184 195
753 752
774 780
1371 1384
1543 1545
1124 1147
1096 1253
969 1091
1344 1368
1136 1436
328 329
247 1512
244 1565
442 455
1034 1059
452 1440
78 79
790 795
109 1572
263 1559
565 1473
836 1006
526 527
396 407
1043 1044
571 574
1368 1389
519 521
154 167
410 423
1176 1177
1177 1178
312 321
1091 1407
625 644
182 197
16 17
865 879
1115 1116
375 1539
258 1517
1193 1426
477 479
226 227
577 581
885 997
685 684
851 1448
749 769
1563 1562
184 186
706 715
65 63
24 1582
311 306
740 897
799 800
907 930
285 305
326 327
862 879
413 417
500 507
1176 1432
587 1489
829 1018
52 1488
543 545
1020 1021
494 690
223 514
274 1558
610 759
112 115
491 708
876 1451
1184 1427
376 501
1016 1018
1175 1207
248 249
460 1524
36 1585
482 484
1134 1127
920 1456
1198 1425
284 283
635 640
876 877
507 511
353 1532
468 471
1120 1112
770 1462
1159 1185
1231 1233
73 101
1367 1390
87 156
970 1082
49 51
306 305
283 318
932 933
690 689
250 254
491 709
728 730
731 732
1211 1096
340 448
875 892
947 1038
77 1574
1119 1123
589 1479
516 220
456 1442
1304 1306
602 752
931 915
595 600
131 1503
1325 1376
964 965
209 213
77 80
784 788
774 1461
574 617
969 1089
143 148
1374 1382
988 1447
967 968
809 845
391 394
744 868
374 1539
463 465
1102 1170
772 783
82 1574
545 1491
785 845
1189 1191
768 773
896 899
1279 1338
783 860
534 583
1374 1383
1361 1391
765 764
457 456
1276 1277
1296 1300
1306 1309
298 1539
33 1485
938 1447
463 469
614 657
793 790
427 428
225 227
779 793
371 370
395 394
286 383
273 275
973 972
528 539
843 880
1350 1349
1009 1010
300 382
1068 1078
335 432
268 269
361 387
267 268
377 415
1228 1413
11 24
1228 1227
596 1478
1194 1219
838 1010
42 46
1559 1560
927 952
1272 1400
628 639
21 25
1548 1550
577 610
1250 1257
997 998
1528 1527
1050 1049
19 24
1579 1587
1553 1541
602 761
805 811
921 928
729 1099
1395 1400
1287 1294
540 1499
1180 1208
1334 1364
523 1498
205 216
947 1042
386 1537
847 848
560 559
648 649
1313 1321
913 964
1083 1085
1166 1174
559 625
146 192
745 744
208 215
874 876
1142 1143
769 763
144 148
390 428
1508 1509
1172 1179
1116 1441
786 843
760 761
486 487
1215 1214
534 585
945 948
1294 1293
331 332
1124 1138
1090 1372
600 753
247 1513
800 810
883 885
336 339
71 163
220 518
790 796
263 1560
1072 1074
625 628
572 1490
345 1152
1043 1445
165 180
160 163
867 866
455 1114
26 90
836 998
1331 1337
1383 1386
641 1476
15 65
410 421
719 740
632 691
1193 1194
1092 1319
907 918
16 30
697 701
1115 1113
235 1512
1278 1350
300 381
284 286
1268 1404
1202 1203
577 580
110 111
919 930
184 188
32 33
799 803
394 1534
917 916
182 199
816 817
500 508
42 1577
587 1480
1288 1287
309 1541
999 1001
975 978
226 508
468 469
549 548
551 561
629 636
248 250
94 158
70 96
920 1454
1210 1211
189 188
682 717
595 592
498 507
695 689
474 1522
80 1573
704 714
46 50
322 327
87 163
25 26
203 1497
1198 1220
217 218
855 854
1279 1282
1200 1218
77 1575
1307 1308
1374 1376
589 584
240 1565
68 156
931 933
795 1459
209 214
475 1522
1253 1254
1065 1071
945 994
937 954
399 398
405 406
306 315
910 1098
1124 1437
444 1442
379 414
495 632
808 844
1025 1028
138 1519
282 261
212 532
120 138
809 846
1325 1368
1102 1177
1322 1407
699 700
944 1036
180 200
772 782
1327 1341
1294 1353
1332 1339
308 322
651 670
171 172
458 456
1290 1291
487 491
923 924
703 1465
30 31
756 760
765 766
527 215
1247 1248
310 313
1146 1154
1138 1437
1273 1397
7 1578
17 28
88 63
119 121
1058 1062
1032 1050
427 429
750 772
827 1021
337 338
1520 1518
877 886
845 846
395 427
1102 1432
1234 1412
1018 1019
409 424
241 240
11 20
1214 1428
437 439
412 411
268 264
64 63
406 409
1542 1553
489 708
633 494
1346 1390
601 598
676 666
980 1069
575 579
484 485
623 645
1249 1250
707 715
746 861
1201 1428
1297 1298
587 588
1334 1345
927 949
1012 1021
1272 1405
261 317
1196 1199
198 205
226 512
332 357
355 1533
1311 1375
1283 1294
1544 1555
712 711
1456 1454
408 1528
1553 1556
805 816
736 903
385 386
986 987
1094 1316
540 1498
81 114
144 145
927 937
1015 1011
1162 1163
122 125
577 759
222 516
85 162
1158 1161
560 626
1055 1060
648 654
287 1557
743 744
61 176
946 994
1133 1134
217 1495
336 449
913 966
1083 1086
826 1012
770 860
745 868
1 3
820 838
724 1170
1508 1510
71 161
760 762
75 103
471 492
978 1085
618 654
9 34
1124 1139
1221 1237
40 1577
699 1471
1017 1028
937 1447
782 789
154 62
912 1092
220 219
1446 988
1026 1025
532 533
1075 1076
625 629
190 193
450 451
687 688
127 129
331 358
1090 1320
165 179
1163 1429
839 1010
1036 1043
991 990
232 231
1270 1354
413 418
476 481
1177 1206
197 202
480 474
907 919
1402 1404
755 756
1229 1415
922 888
1115 1118
310 324
235 1513
906 920
1137 1157
300 370
940 1063
767 768
867 871
999 998
234 1515
1089 1386
709 1434
1188 1201
1106 1165
1264 1284
901 903
591 1480
799 802
320 361
376 499
1175 1429
16 1589
400 401
369 368
804 818
1204 1209
107 122
1418 1419
265 268
704 705
248 1562
1375 1369
970 977
494 695
1117 1118
875 890
503 417
847 1448
94 160
439 444
1119 1135
460 1523
1197 1231
1267 1290
51 594
1223 1222
1034 1035
430 1532
1509 1506
806 819
664 857
348 1142
1580 1588
74 76
1205 1211
875 889
1200 1216
1258 1304
1374 1377
666 680
589 609
389 390
1210 1252
557 558
391 393
517 1501
28 1591
170 175
1253 1408
1345 1347
945 1041
57 58
405 407
564 1474
982 1073
1071 1074
60 210
158 156
151 153
246 1514
101 1573
621 1473
769 859
952 954
310 311
120 1519
645 1474
1241 1240
1268 1291
1507 1518
1345 1365
1108 1110
991 944
304 363
40 41
1346 1389
692 694
651 672
1235 1411
1512 1518
1190 1192
1290 1292
940 1062
1266 1265
1092 1315
31 171
188 194
674 1470
716 719
1167 1177
1031 1034
464 691
1100 1253
528 529
887 925
837 849
912 1319
493 694
354 430
525 540
1102 1101
119 122
1104 1110
977 1081
66 65
391 1538
219 522
395 426
89 155
623 644
1018 1021
409 422
241 267
61 177
466 467
44 1485
521 551
369 383
1214 1422
838 839
1183 1427
469 470
669 671
1167 1432
997 996
1194 1425
712 715
13 26
467 471
886 1451
1328 1340
11 1582
841 847
1264 1420
1262 1263
1251 1254
1576 1577
1334 1346
1012 1027
203 205
900 902
1548 1553
409 1524
229 377
1503 133
1544 1554
19 1582
412 1535
805 813
518 1494
826 827
1109 1173
1052 1053
49 1489
81 142
1377 1379
932 962
637 640
717 716
294 1557
86 159
978 1083
76 101
648 647
93 159
253 254
1124 1125
35 1587
84 1574
50 593
695 694
1216 1241
1143 1146
535 583
242 1564
1234 1237
282 316
1277 1391
56 213
1280 1278
1543 1547
1097 1096
336 448
1319 1320
843 845
410 409
912 965
1000 1029
429 430
1005 1010
1276 1398
862 863
940 986
1131 1130
1359 1398
455 1115
674 675
1175 1179
984 983
1270 1355
1155 1431
613 659
676 1469
197 203
871 1458
415 416
1202 1208
1072 1077
33 173
1276 1391
1364 1367
1225 1229
575 610
1281 1349
1359 1391
1151 1417
771 772
226 509
529 530
1424 1423
1338 1336
110 116
1264 1286
824 1015
337 432
262 1558
124 136
834 999
439 440
500 506
892 1456
482 472
387 1538
548 562
121 124
1156 1431
854 881
1336 1335
305 365
428 435
704 713
1375 1376
701 702
250 251
1094 1318
45 44
1082 1084
925 993
257 1516
629 637
622 646
23 24
1129 1128
551 1492
738 894
513 222
997 1449
46 593
566 654
664 867
60 212
217 216
348 1143
74 77
123 124
379 400
1114 1438
1211 1252
1258 1302
1047 1058
630 693
516 518
1259 1301
98 164
786 863
570 571
1112 1438
1003 1040
945 993
641 687
646 1466
239 242
307 315
1000 1039
433 1531
568 573
1279 1337
295 381
688 697
1347 1366
645 1475
748 859
884 885
750 769
641 686
66 89
458 1114
1137 1136
575 580
1266 1288
289 295
1370 1374
347 346
973 974
335 354
213 58
17 29
264 1559
1351 1357
361 360
1226 1424
884 995
1006 1005
422 421
787 844
129 132
633 691
175 61
1150 1152
61 60
432 433
466 468
110 141
741 899
408 423
907 1457
510 497
1261 1297
774 775
668 667
221 1496
866 872
254 1517
354 1534
1287 1290
1150 1153
1228 1419
722 726
108 141
841 850
1251 1408
920 951
1191 1428
683 718
229 376
585 584
815 818
366 367
1179 1207
1101 1211
889 1454
560 561
676 680
93 94
805 815
462 1522
1215 1428
313 315
1411 1412
510 511
1213 1256
79 101
155 156
1063 1064
780 1461
717 718
645 643
85 163
648 656
1393 1396
282 279
8 1585
735 736
217 1493
928 954
50 595
317 316
514 1501
522 1494
434 1531
1174 1176
10 1591
453 1440
589 590
1085 1087
578 758
580 617
75 1573
1131 348
945 991
797 809
858 862
1332 1333
1324 1327
341 351
345 1151
792 794
331 333
1125 1136
614 617
1025 1050
394 429
1479 1481
154 166
184 189
1156 1186
398 406
1174 1430
797 846
1031 1030
14 91
1135 1437
153 181
1465 1467
813 838
1266 1412
1188 1192
984 986
413 419
1546 1547
1566 1567
166 200
2 1581
252 278
1289 1403
1202 1428
1238 1285
1188 1427
303 383
33 170
1195 1199
829 1016
1177 1432
813 839
17 1571
543 537
110 117
1225 1417
121 137
1267 1268
830 1026
1184 1431
55 1482
619 620
890 1451
814 1014
418 420
271 275
1364 1390
870 871
338 352
979 1069
927 950
421 459
483 484
122 1569
864 880
1120 1121
191 512
87 159
970 1081
1261 1410
502 505
1198 1199
1116 1119
421 1525
6 1584
488 708
471 486
585 589
842 852
1129 1133
1 1583
482 485
1197 1221
1259 1258
1239 1421
747 748
913 914
292 298
498 506
615 654
468 690
346 1143
603 607
1253 1099
894 905
937 992
1265 1287
780 783
792 1460
913 1093
821 822
329 331
1237 1420
1279 1278
212 59
967 966
120 106
444 445
1273 1395
28 64
346 1146
1102 1171
1322 1321
563 1477
784 797
234 255
1345 1364
447 446
1133 1443
239 238
259 288
877 884
732 733
1475 1476
334 355
1167 1102
273 274
537 1490
688 698
233 291
1468 1469
887 995
1306 1307
575 577
775 778
1026 1028
699 703
1333 1278
291 292
831 1030
1378 1384
758 611
1071 1077
750 768
301 382
779 791
1105 1165
985 983
1234 1413
734 918
823 1009
849 851
991 1043
238 247
1157 1431
751 777
1292 1354
128 1505
264 1560
393 1533
971 972
80 111
1006 1009
843 881
183 195
723 1464
985 1063
523 550
1165 1430
1018 1024
432 449
673 676
369 403
500 505
42 43
1334 1335
354 353
1196 1194
669 667
1274 1400
21 22
1372 1373
1263 1284
1050 1052
1528 1529
1261 1296
774 777
872 874
886 1450
1196 1423
591 596
1430 1429
1487 1486
224 513
733 1457
481 1523
497 555
81 111
582 608
368 367
293 373
45 1576
205 217
817 815
934 956
1307 1408
434 437
1304 1409
805 814
535 536
111 143
1215 1422
357 356
1021 1022
745 857
442 444
1174 1173
1345 1390
10 1590
177 210
497 556
1222 1231
1203 1209
1162 1183
71 94
647 650
1127 1436
259 283
416 1535
620 1474
1124 1137
611 759
996 1041
1344 1365
50 592
678 680
247 1514
1479 1480
522 1493
26 27
665 866
724 1433
912 1317
335 337
37 1576
933 1453
836 849
341 1131
688 694
153 166
181 198
1053 1061
1046 1059
173 174
772 859
26 66
572 573
1270 1353
476 480
546 616
1314 1407
301 381
613 658
398 407
1091 1319
724 1434
1364 1389
834 833
1465 1468
1305 1329
740 899
683 1470
1064 1075
1175 1178
642 699
136 1521
1155 1424
1264 1285
1104 1109
1315 1314
764 767
907 916
671 679
1188 1426
303 384
1311 1325
1402 1401
804 816
309 325
1187 1425
975 976
834 1003
419 420
299 378
551 560
891 1454
145 188
1337 1339
799 804
376 507
1340 1345
1212 1254
629 635
1161 1162
271 1563
1017 1026
430 434
715 716
1129 1130
738 897
1197 1198
74 101
421 460
1325 1326
130 1505
864 879
418 417
1159 1156
1231 1232
251 254
322 326
49 50
350 448
306 314
870 1458
916 931
4 6
599 598
288 318
6 1585
86 153
1200 1215
503 502
1258 1303
757 1462
68 159
1519 137
1210 1212
98 162
325 327
1450 994
77 79
224 512
578 612
780 782
196 1497
220 1495
786 785
821 824
568 572
550 562
778 1461
101 102
393 394
212 213
464 465
447 1530
1143 1148
1066 1065
169 175
957 959
433 447
1275 1398
772 773
831 1029
82 162
1499 1498
1332 1338
547 565
785 860
553 627
149 185
646 1467
576 574
478 456
732 910
1236 1237
1438 1439
12 13
1167 1171
464 469
1169 1170
1100 1096
1468 1470
904 906
556 631
752 751
570 581
88 87
1108 1164
304 364
750 771
827 1014
120 1521
1314 1371
1235 1412
985 986
844 842
1091 1090
289 296
32 1485
822 1015
1292 1355
781 790
1190 1208
1068 1077
280 1558
354 432
269 264
406 411
1088 1386
816 1014
741 896
243 248
872 878
980 1068
376 503
1165 1429
1018 1023
11 21
472 484
1545 1555
249 251
741 898
838 1009
42 44
293 297
1154 1417
558 634
628 637
1196 1198
1274 1405
198 202
21 24
1503 230
895 894
1311 1326
995 1042
1263 1286
53 586
970 971
19 21
866 878
1584 1588
370 369
1249 1258
941 1047
746 745
177 212
710 723
582 607
499 500
1394 1399
329 1540
869 874
272 1562
498 505
229 499
43 1485
1307 1310
366 385
1158 1159
1393 1394
662 748
1133 1132
530 535
1083 1084
745 867
442 445
1174 1175
714 712
1132 1435
932 963
294 300
1162 1184
71 97
647 651
3 5
424 1526
76 103
560 625
9 35
858 857
131 1502
84 164
600 601
522 1492
1299 1337
825 826
957 958
471 696
1072 1073
625 624
1257 1305
952 955
58 1490
509 510
59 58
571 573
1139 1431
72 164
940 988
1122 1136
14 90
301 370
740 741
488 489
746 747
687 686
862 855
942 1044
296 299
1281 1350
604 755
1089 1385
172 33
1188 1194
1106 1110
174 211
733 917
481 483
667 679
1264 1263
1104 1108
1342 1389
349 1132
24 25
830 1017
2 1580
1218 1262
16 171
1311 1370
285 303
968 969
979 978
428 430
147 188
828 1022
1343 1342
132 133
53 1489
733 916
824 1027
274 276
690 695
48 1488
388 1537
320 360
538 545
501 502
1340 1346
622 621
880 879
1119 1122
1160 1156
870 872
36 1579
482 483
1134 1135
920 1455
370 402
1325 1343
1526 1524
281 279
343 1144
624 645
1159 1183
997 1448
512 1501
53 1481
73 97
1128 1127
49 52
1299 1283
1580 1579
1483 1489
1211 1212
503 504
69 70
1371 1372
615 656
570 569
784 785
1345 1346
831 829
953 1453
916 932
1380 1382
1071 1072
747 862
158 159
1483 1481
220 1494
1035 1036
351 352
563 564
1374 1380
393 427
709 711
1135 1127
1066 1071
258 259
1273 1396
570 574
1446 1447
1495 1494
234 233
868 870
231 1503
1332 1341
489 491
1380 1383
14 13
850 997
601 604
1512 1511
128 1504
478 479
487 490
1441 1440
1438 1136
12 18
1091 1315
674 1467
289 294
1301 1329
541 1498
1270 1402
956 984
892 922
887 923
1306 1308
213 532
729 910
540 539
884 886
1378 1383
297 1539
616 617
779 792
371 378
523 522
527 525
613 758
408 409
437 438
1288 1412
17 1590
1564 1568
895 738
727 902
1180 1191
267 266
407 424
55 54
1228 1414
11 23
1194 1199
739 895
897 894
293 296
920 929
412 420
878 883
409 1528
1553 1554
602 607
370 380
886 994
202 207
530 542
535 534
111 114
146 145
1242 1410
126 1505
820 822
390 392
911 1316
1286 1294
978 1080
43 1486
442 1527
366 386
336 353
913 963
535 569
424 457
291 1506
1128 1443
231 374
1222 1221
137 1507
883 884
499 498
290 1510
1116 1442
647 652
71 99
1440 1443
259 1557
75 102
644 1477
424 1527
282 317
759 762
994 993
1255 1409
926 948
346 1148
452 1443
195 1496
330 332
20 91
1201 1243
1235 1266
398 397
1072 1070
831 1025
190 191
1257 1307
150 182
987 1076
688 1471
1029 1030
1365 1366
748 863
1368 1388
388 396
867 744
653 668
232 291
266 275
825 1012
413 411
1176 1179
657 660
1000 1028
1516 1515
740 896
1091 1320
1139 1157
1238 1264
1364 1363
446 452
1195 1194
942 1445
1236 1413
296 298
740 898
1285 1284
1513 1515
941 940
172 29
80 141
856 864
942 941
230 375
764 774
280 1548
2 1584
112 113
734 1457
1433 1434
835 1010
338 449
42 1576
587 1479
794 803
804 815
107 119
189 193
1023 1052
380 400
419 421
515 1496
517 555
875 876
501 504
847 882
958 978
81 141
1160 1183
533 1483
36 1586
1134 1141
1267 1287
1197 1222
1210 1100
302 303
1110 1166
1159 1184
873 875
73 99
1324 1343
1486 1488
203 1496
428 1534
6 1588
1200 1217
143 146
859 858
801 810
589 1480
142 143
931 932
391 356
784 789
519 1500
1219 1240
547 564
1071 1073
641 642
1124 1436
178 209
433 1532
568 571
1047 1057
621 1474
459 478
988 1445
553 1500
1100 1211
929 1453
66 157
1347 1365
957 981
1531 1530
128 130
550 1493
1112 1111
17 30
291 231
909 908
1542 1546
1122 1123
851 997
1380 1387
15 16
601 752
478 1114
1199 1218
1330 1339
674 1468
1226 1223
1031 1032
1032 1059
1292 1353
236 1518
88 65
793 795
393 1538
80 81
427 426
718 899
13 28
532 55
527 540
673 671
682 899
198 200
895 897
426 438
1282 1351
48 47
1285 1420
1237 1238
1395 1397
134 1504
313 314
224 225
500 511
739 738
4 1585
1251 1256
558 635
261 283
900 901
21 1582
1484 1487
878 877
226 511
1560 1558
796 800
889 1451
1067 1068
1050 1053
1244 1410
114 144
1261 1299
412 417
805 804
736 902
202 206
530 538
111 142
392 1533
1344 1345
295 1557
49 1488
1373 1375
372 377
390 393
1085 1086
911 1317
461 460
726 727
1217 1410
1158 1160
858 861
287 318
93 157
67 93
217 1497
913 965
1496 1495
776 773
84 162
826 1013
1053 1060
784 860
710 1169
1217 1218
769 1462
665 745
1222 1233
135 134
1308 1309
513 512
490 709
726 730
833 1029
1003 1029
78 1574
1294 1352
753 754
609 607
936 938
1090 1089
1278 1277
933 934
1330 1332
625 1477
1301 1330
450 1530
991 992
154 165
339 338
1314 1321
546 567
779 1460
632 631
230 374
487 492
161 160
197 196
470 493
477 1523
1103 1432
532 531
182 183
1005 1009
1493 1492
165 181
867 868
562 1477
725 1170
733 909
481 482
613 612
145 189
1402 1403
1152 1417
148 187
1195 1198
942 1045
235 1511
83 84
371 415
655 660
604 760
1285 1286
685 704
856 878
110 118
970 973
299 372
32 173
1033 1047
629 630
430 435
270 275
144 187
1269 1272
1348 1360
1418 1415
1008 1010
1159 1161
1223 1229
704 702
439 1529
738 903
155 154
121 136
496 634
855 864
864 881
43 48
439 443
1160 1184
620 649
36 1587
135 1506
1197 1219
1267 1289
1210 1204
1259 1260
911 1318
51 593
1110 1174
928 952
1585 1586
1207 1209
873 876
1098 1099
69 158
806 810
663 748
1396 1399
664 745
331 1540
747 857
1205 1100
206 526
471 487
550 548
1003 1039
195 222
212 210
589 608
948 993
809 810
170 174
534 608
945 1042
1058 1057
1071 1070
553 559
1185 1184
454 455
877 890
1000 1004
568 567
37 42
550 563
988 1045
526 1499
1118 1438
1170 1433
749 763
892 893
1308 1323
636 687
550 1492
729 731
304 362
105 1512
1235 1413
256 1515
1105 1110
1092 1091
734 917
188 195
1048 1059
1031 1033
685 1466
527 528
1169 1433
1100 1252
508 510
141 1572
500 228
798 799
657 1472
309 323
131 132
17 1589
793 796
361 365
406 407
977 978
1170 1434
627 628
62 175
219 521
467 468
1282 1353
1093 1319
985 987
523 524
1018 1020
409 423
1238 1411
642 1466
11 19
1179 1178
630 636
673 674
956 981
249 250
942 988
1315 1407
243 1566
664 747
878 879
257 1517
474 483
727 1457
383 384
666 679
677 1463
62 61
1182 1191
675 677
1196 1424
498 497
1249 1259
1312 1373
842 847
1488 1489
897 737
533 55
1138 1159
293 299
1251 1409
683 717
34 33
1484 1488
75 100
501 507
978 1081
386 384
1372 1378
1263 1295
1544 1551
583 584
342 1132
277 276
20 26
913 912
1589 1591
1246 1256
812 837
146 147
378 379
244 246
81 115
1373 1378
684 704
932 961
576 579
1286 1293
92 157
229 507
237 236
585 1481
1067 1071
953 954
93 158
310 322
1155 1185
378 414
50 51
256 290
317 318
79 1573
266 270
135 231
1214 1246
948 991
861 862
1035 1044
109 1573
455 1442
341 349
153 165
1221 1240
935 984
165 166
775 1461
314 320
394 427
1294 1406
843 844
955 1452
184 185
571 583
1156 1185
732 1098
1000 1037
161 162
985 1075
771 860
961 959
1376 1382
182 181
987 1062
1087 1088
981 1444
659 657
1365 1389
1281 1351
311 320
1036 1044
477 476
1089 1088
567 566
147 189
653 669
193 513
685 700
693 694
984 985
1144 1146
635 693
1505 1504
41 1577
265 273
488 491
755 760
1518 1521
673 1469
956 1444
1195 1200
125 1504
83 82
736 906
529 525
1424 1425
1407 1320
1106 1164
788 797
381 380
299 371
1044 1045
274 275
1337 1338
48 1484
876 1458
55 1487
538 543
622 645
1160 1161
1543 1542
370 382
107 117
1081 1083
1110 1165
864 865
1223 1227
691 690
704 683
251 253
248 1568
1283 1282
880 881
211 1487
496 633
288 319
1211 1204
6 1583
471 485
279 317
620 654
1 1581
22 25
996 1002
1081 1086
928 949
468 494
594 596
1585 1587
584 608
894 904
253 319
301 1557
539 1491
178 208
1205 1204
1241 1421
151 152
1051 1054
578 757
1347 1364
948 992
1164 1163
614 655
563 1491
95 161
218 1496
118 126
553 626
1185 1186
149 183
848 851
926 993
1025 1030
1349 1361
1301 1300
233 232
749 748
887 888
837 838
1068 1070
7 36
868 871
754 751
264 274
831 1028
762 763
1542 1549
22 91
1240 1239
1316 1092
506 510
216 527
345 1149
176 211
781 789
342 1131
798 801
66 91
942 990
493 696
470 696
139 1572
729 1433
1107 1430
1311 1323
540 524
627 629
249 1562
787 843
1088 1385
1403 1404
979 1079
655 1472
243 244
675 676
432 353
110 109
369 401
1224 1223
838 1007
1106 1108
412 418
34 38
863 864
475 474
490 1103
722 1464
995 1450
53 52
1269 1404
83 98
1282 1357
1584 1579
1191 1202
106 1520
48 49
595 1478
1237 1264
1249 1260
881 882
1228 1415
108 109
841 848
372 378
4 1588
389 1538
426 1529
910 911
168 176
1484 1483
815 814
1101 1100
889 1450
974 976
522 551
114 143
1400 1401
227 508
142 1570
736 1457
826 828
1053 1055
1547 1551
58 537
92 158
661 664
281 282
416 417
8 1579
217 1499
473 1522
702 714
35 1588
1227 1231
84 163
50 594
737 893
453 1441
14 27
431 1532
1299 1300
339 349
998 1003
348 1435
661 857
644 1476
242 1565
562 561
1257 1304
303 304
967 1319
345 1150
90 65
935 954
314 321
933 957
477 478
1351 1406
193 194
330 333
14 66
1270 1291
15 90
740 739
480 479
151 163
345 346
182 198
834 1006
749 859
1195 1196
1252 1253
886 887
813 819
382 383
683 1468
477 480
104 1520
18 17
653 670
642 685
285 364
1316 1319
848 1448
676 679
764 766
830 833
252 277
1289 1411
591 598
941 1062
262 1559
1376 1387
1238 1265
835 1006
148 186
397 404
1357 1358
428 429
1187 1427
828 1021
807 806
856 879
1338 1339
73 100
970 969
187 186
538 537
1353 1356
1212 1256
1186 1425
144 186
305 366
468 470
603 598
197 204
520 553
54 53
1543 1554
747 861
768 771
855 880
585 588
1363 1390
192 1505
1 1582
757 759
1197 1232
68 157
1239 1420
74 1573
957 962
594 599
170 169
333 392
586 1479
537 544
982 1065
1071 1064
1114 1439
568 569
1241 1410
563 547
1374 1379
1349 1360
1361 1362
286 318
547 1491
688 493
952 950
66 92
433 352
30 169
614 613
1112 1439
868 869
218 1495
1190 1180
351 448
734 909
1349 1362
1167 1168
967 1090
935 934
1369 1388
335 355
463 632
575 576
309 310
128 131
623 1477
1392 1391
1507 1521
241 1564
120 1518
1314 1090
1111 1430
219 523
1236 1238
216 215
965 968
1234 1414
791 790
1145 1154
528 525
1024 1025
781 793
342 347
1079 1078
818 1014
1548 1549
474 482
787 845
633 692
1007 1010
979 1078
668 669
183 196
872 873
117 1569
269 1558
895 903
355 432
1179 1206
110 140
1194 1198
673 675
267 275
1224 1229
243 1568
920 919
701 1471
1070 1078
558 630
196 195
34 40
1013 1015
939 987
475 482
995 1449
287 301
774 776
1056 1061
20 22
1584 1586
675 678
208 207
251 1516
497 554
800 802
920 928
362 365
821 1015
585 608
366 387
974 977
1544 1556
618 619
1415 1419
1393 1392
1400 1399
93 92
438 440
986 1063
202 216
256 255
1046 1058
291 1509
442 443
295 300
621 649
231 1506
684 713
238 237
1132 1443
1203 1208
1143 1144
574 606
915 964
1080 1085
71 96
861 857
440 450
853 852
1230 1231
1268 1290
1113 1438
1393 1398
586 585
8 1586
702 712
72 161
1130 1435
996 1042
5 9
234 1509
1333 1348
621 651
347 1142
453 1443
266 274
905 906
400 399
1201 1216
1214 1247
1314 1372
335 334
345 344
531 1490
961 964
1376 1377
797 810
78 164
1031 1037
576 611
1084 1385
314 362
839 1007
1064 1074
193 224
1122 1438
1001 1040
1270 1292
824 1013
184 190
643 1466
814 819
1038 1037
639 1476
834 1005
956 955
1269 1291
1137 1138
284 285
1281 1357
1285 1263
1293 1354
1184 1187
914 960
1089 1384
192 224
725 1433
1264 1265
1104 1103
764 769
1313 1373
830 832
252 1561
320 321
262 1560
1238 1288
167 175
835 1005
148 188
1336 1339
121 122
250 1517
385 384
795 803
189 190
305 363
428 431
669 679
680 1463
1187 1426
1357 1350
1081 1082
18 19
828 1027
807 812
835 998
841 1448
53 1488
1271 1401
738 900
496 632
245 246
48 1485
55 1483
678 679
167 61
958 976
439 441
68 93
879 854
403 404
468 691
1223 1418
1223 1230
691 695
173 170
322 325
894 737
1132 1142
888 1454
502 504
4 5
496 691
331 357
855 879
6 1579
312 314
918 931
763 1462
1590 1591
1273 1393
513 514
237 246
281 315
519 1494
451 1530
982 1071
792 1459
1024 1023
348 1144
933 962
505 506
1051 1055
709 710
457 478
323 322
447 1531
377 414
556 496
1369 1382
1102 1172
729 730
218 1494
489 490
857 862
1190 1191
487 489
252 258
604 607
260 284
1330 1338
12 10
37 39
751 764
508 506
236 1511
1000 1040
752 760
491 492
1392 1397
213 214
868 872
729 732
124 1504
105 1518
1316 1315
1137 1437
935 1444
128 133
89 63
376 1502
914 963
844 845
807 840
1144 1148
191 223
1315 1321
1173 1432
1564 1563
727 901
787 846
1153 1417
866 870
467 473
941 1046
1466 1467
1238 1412
1161 1427
466 469
369 402
1224 1227
4 1583
920 921
821 1007
869 873
21 23
863 880
432 1532
1253 1095
995 994
730 1097
1224 1417
1261 1298
287 302
1455 1456
227 509
20 24
1584 1587
111 116
812 811
411 1525
1312 1375
251 319
126 1569
1547 1550
724 1169
54 1486
735 903
1080 1083
501 506
386 404
440 442
334 353
618 620
114 145
662 1462
1216 1410
1277 1361
832 1011
360 391
227 506
702 713
928 950
357 392
291 1510
198 199
605 610
1547 1556
79 102
137 136
1214 1213
998 1002
1080 1086
645 646
1335 1361
3 4
597 596
661 861
30 64
756 761
945 947
586 589
936 935
8 1587
233 1506
1554 1556
994 1042
1221 1236
234 1510
1330 1331
347 1143
605 607
78 77
665 868
725 729
339 350
37 1577
562 563
727 909
446 450
1024 1051
1306 1328
1359 1361
388 395
1268 1402
562 1492
162 164
1314 1320
632 633
954 955
1187 1188
689 697
1238 1239
270 274
1269 1292
613 757
942 1043
1252 1255
886 995
1064 1076
1175 1180
248 1514
788 789
764 768
320 362
1187 1194
532 1482
517 520
86 151
1326 1388
83 85
397 1537
1267 1288
804 817
385 403
189 191
1008 1005
130 132
18 1589
53 1483
970 972
526 540
520 555
738 898
1210 1209
1414 1419
111 141
708 1169
130 133
479 474
86 152
925 1450
1231 1423
263 262
1374 1373
1017 1024
439 442
1519 1520
663 664
98 97
1023 1054
1205 1207
298 373
594 592
430 1534
1555 1551
1128 1135
9 1588
1132 1143
60 211
6 1586
328 359
1223 1423
550 551
583 582
1032 1053
69 68
663 857
239 1565
454 1440
292 373
1308 1322
790 1459
346 1144
95 94
953 955
936 954
458 478
301 300
128 134
206 527
951 1453
459 458
569 574
464 466
235 256
1002 1040
904 893
818 1013
353 448
31 174
218 1493
445 454
1168 1177
16 27
255 257
1220 1218
816 819
1316 1317
601 603
604 759
1289 1291
674 1465
1167 1172
1038 944
37 41
984 1444
751 766
267 270
718 739
781 782
280 1559
1369 1387
17 171
793 794
332 333
540 541
214 529
62 168
129 130
1395 1396
122 138
914 965
844 846
630 635
650 652
240 243
1076 1062
628 644
669 670
869 870
27 63
490 491
1469 1470
426 425
13 1590
1182 1189
602 598
1191 1192
268 276
1302 1329
925 926
1065 1075
177 178
1544 1543
1239 1285
821 1008
34 172
222 221
863 879
796 798
76 100
995 1041
114 142
1261 1295
1455 1454
1066 1077
1355 1356
378 377
1109 1166
134 133
681 899
831 1026
54 1482
1182 1427
499 501
766 1461
1019 1023
978 1069
222 515
365 388
832 1026
120 136
702 706
72 95
1520 137
256 233
1260 1410
621 647
560 1500
1128 1440
352 451
1222 1232
308 324
431 1533
1335 1362
47 593
259 318
183 204
756 762
1112 1123
1234 1236
590 1479
1257 1303
1317 1092
59 213
349 350
926 949
1232 1237
793 1460
971 1084
782 784
330 331
489 492
725 730
936 1447
154 153
972 1089
1316 1318
1049 1054
184 183
145 148
296 372
933 1452
343 347
1326 1369
987 1075
446 451
1141 1148
112 1574
394 430
64 169
544 567
990 1043
1049 1060
546 565
1381 1388
349 1130
680 869
941 1045
658 660
1238 1266
271 272
150 181
956 1452
655 657
462 482
1312 1311
172 173
1372 1386
344 347
381 370
1195 1425
230 1502
764 771
969 972
1353 1354
890 1458
167 179
414 503
801 811
430 436
1225 1415
306 362
83 113
1565 1566
107 118
1008 1009
1211 1209
1081 1080
661 1472
983 1063
551 562
1543 1552
747 858
1116 1118
517 554
600 1478
1178 1101
501 505
703 713
847 881
958 979
1017 1023
620 648
533 1482
870 873
68 92
98 99
74 102
292 297
1205 1209
996 998
1081 1084
928 927
923 993
1260 1296
28 29
1526 1527
775 777
873 874
753 761
852 882
69 161
1265 1286
1396 1400
329 330
1205 1210
6 1587
1254 1408
1025 1051
833 1004
194 1496
1374 1369
1003 1004
1051 1049
391 390
1308 1324
556 558
128 127
433 449
636 638
1275 1394
95 97
537 536
457 1526
541 548
297 374
158 160
425 441
1578 1588
206 215
1019 1051
536 1490
1121 1438
771 763
393 428
459 477
1118 1441
120 139
1369 1368
128 129
1446 1445
445 455
1311 1322
14 15
606 605
1317 1319
1346 1366
601 753
1512 1513
935 955
940 1076
1199 1217
89 90
260 287
1330 1336
289 293
822 1006
677 743
176 177
781 779
342 349
243 1514
1190 1429
280 1560
412 413
168 175
1082 1087
1038 1040
87 151
62 167
1007 1006
1329 1341
941 988
971 1386
1312 1407
895 900
642 1476
355 354
788 844
1315 1319
1106 1107
682 1463
168 61
1101 1205
1341 1342
1467 1468
739 899
287 286
407 423
1371 1373
467 472
896 897
411 1535
908 907
710 724
1224 1418
1224 1230
662 663
79 100
372 371
4 1579
724 728
1239 1263
1484 1485
681 741
263 279
796 799
836 837
277 1562
832 1016
1246 1422
111 115
812 813
1109 1174
364 367
424 425
634 692
1547 1553
800 804
368 399
54 1489
1182 1426
915 962
1096 1254
555 557
272 276
470 471
12 23
708 707
1507 233
924 1454
1155 1156
1496 1497
713 714
28 1571
5 6
714 716
308 326
54 1481
750 773
266 271
1201 1215
952 953
15 27
1295 1283
335 336
756 1462
1230 1233
961 962
12 1591
507 506
59 214
1084 1088
465 1522
349 348
1255 1254
813 820
1333 1347
104 138
332 392
195 1497
15 66
955 1453
779 1461
1381 1382
441 443
985 1444
562 547
152 165
113 1574
1005 833
1388 1387
1225 1226
1493 1498
254 258
1266 1411
112 1575
1145 1146
1163 1430
1293 1353
1398 1391
1175 1176
733 910
1144 1145
1103 1109
1243 1242
1033 1046
397 409
954 1452
675 1469
680 742
1187 1195
265 270
488 490
755 754
271 273
673 1467
36 1578
1267 1266
1064 1062
1360 1391
1150 1417
1312 1371
172 170
770 772
108 107
856 865
53 1484
788 787
966 973
983 986
806 811
1243 1245
230 1539
1149 1153
146 1569
826 1011
479 481
1353 1355
38 45
894 903
250 1568
385 404
875 1451
817 1014
1159 1160
691 494
244 248
833 1011
1128 1133
350 352
738 902
925 994
43 44
286 302
1160 1185
22 24
850 1449
663 861
719 895
292 296
1325 1375
1207 1208
1370 1369
1555 1556
118 122
753 762
915 914
153 199
1114 1442
1448 1449
206 216
802 817
143 145
823 825
578 611
458 1526
391 392
221 516
1084 1085
636 639
614 654
95 99
534 584
333 355
445 450
953 1452
537 568
457 1527
827 1012
425 442
999 1039
1330 1337
262 282
1379 1384
232 1506
1169 1168
677 682
423 1526
892 889
258 288
309 308
7 35
592 591
1274 1395
1168 1433
649 668
1311 1324
692 693
1297 1300
965 966
89 88
674 1469
541 1491
841 842
176 60
781 791
628 629
658 1472
27 90
426 436
13 1589
1059 1061
117 109
1168 1434
895 898
847 851
650 668
1545 1550
369 382
664 746
34 37
131 1505
1110 1430
1271 1274
739 900
1261 1260
277 1561
1057 1061
107 109
173 1487
175 211
202 201
744 872
1237 1239
1109 1165
908 918
1322 1373
925 946
1327 1342
831 1017
177 211
1224 1419
662 661
407 1537
1138 1158
4 1586
362 361
911 1094
1286 1287
1484 1486
109 141
681 896
30 170
1101 1210
194 222
974 975
1067 1066
365 367
142 141
392 1534
357 1540
726 901
516 1501
645 621
1002 1041
726 728
1358 1359
1393 1395
35 1586
776 780
72 97
698 705
713 712
256 257
951 954
1046 1057
811 819
665 857
521 1494
606 584
324 327
883 853
339 340
922 1454
1296 1299
1314 1322
998 1001
803 1459
570 605
644 1475
708 711
590 609
773 782
1255 1408
515 517
1064 1072
104 1519
1489 1481
1270 1271
1049 1055
15 89
1376 1380
113 1575
1292 1406
125 134
1117 1440
736 904
1398 1397
733 908
1213 1246
1104 1105
1381 1387
675 1470
1151 1416
41 1576
75 77
361 1538
1107 1111
820 1008
74 100
1246 1245
828 1018
278 276
1354 1356
717 899
986 1075
229 1502
1353 1351
958 980
1017 1018
631 692
672 671
1166 1432
573 566
1366 1367
1159 1162
452 1130
888 1451
1265 1285
499 502
855 865
644 643
43 47
132 507
1374 1375
1331 1340
279 283
192 1569
473 485
928 953
1193 1215
1426 1425
1370 1376
1219 1218
201 207
1324 1375
56 1482
69 159
1157 1156
578 658
776 1461
639 641
105 103
458 1527
221 220
1084 1086
1571 169
1574 1575
459 1525
1168 1171
255 254
423 457
857 856
1190 1189
570 583
926 950
771 773
734 733
1330 1329
1048 1060
782 860
330 355
464 632
749 1462
892 905
243 1564
1033 1045
1305 1307
592 596
754 760
264 273
1542 1547
214 215
373 372
1348 1363
935 1452
575 581
791 793
1343 1388
822 1009
1144 1435
841 840
798 800
1272 1402
168 179
488 492
971 1090
129 131
897 898
968 1093
1182 1181
117 140
1302 1300
1502 375
1179 1180
739 896
1315 1320
872 1458
1239 1264
1070 1077
294 295
558 631
869 871
474 484
246 1566
129 509
739 898
1098 1095
1269 1403
564 619
107 140
1237 1266
28 65
908 919
364 365
1181 1429
842 848
81 113
800 801
426 1528
972 977
1191 1208
71 98
1019 1020
43 1576
585 1479
522 550
836 835
581 610
1185 1424
431 435
357 391
1053 1056
364 385
1547 1555
725 723
438 1529
362 387
1397 1399
440 445
151 199
1230 1222
700 705
1001 1003
233 1509
646 651
29 1590
713 717
72 99
1130 1443
996 1449
234 1508
849 850
1301 1305
665 867
521 1493
936 955
266 272
308 1541
1115 1438
963 964
1420 1421
145 147
455 1441
814 821
1038 1041
727 734
1276 1392
127 192
1001 1039
476 1523
829 828
1359 1392
394 428
544 546
1064 1073
1447 1445
649 1473
1301 1331
162 163
856 866
125 127
1381 1368
1039 1037
1156 1184
1313 1407
643 1476
680 743
1120 1136
257 289
108 1573
1364 1366
835 834
654 653
1269 1271
494 694
723 1433
486 489
147 190
619 1473
1242 1262
1302 1306
603 752
642 686
856 855
278 1559
943 1044
1104 1106
1243 1244
1282 1406
720 900
1083 1087
591 1478
265 274
75 79
517 519
85 151
251 1517
1225 1416
662 747
943 1033
794 795
336 351
795 799
959 980
1187 1424
573 616
828 1020
1312 1370
73 98
520 552
581 580
806 813
566 615
179 61
1011 1027
1340 1342
703 684
366 384
85 152
958 975
321 359
1331 1338
1074 1075
1160 1162
672 674
385 1537
539 545
403 402
938 985
661 747
429 438
69 94
1265 1263
705 714
982 1067
1543 1551
307 313
348 1132
580 579
6 1580
1178 1205
263 281
1374 1378
1107 1164
286 303
1298 1283
22 1582
227 511
843 847
377 376
1366 1390
1178 1207
28 1590
346 1142
1275 1393
584 609
333 356
1370 1377
201 206
586 1489
553 557
829 1023
425 439
1000 1003
143 147
459 460
1379 1382
238 246
457 458
688 689
578 756
614 656
234 256
218 1497
459 1524
1257 1256
449 448
586 1481
1378 1379
593 595
315 316
575 574
1154 1185
1173 1176
734 910
88 156
319 318
1379 1383
105 1519
337 448
1204 1246
592 599
1094 1321
752 754
1274 1396
241 271
62 169
659 758
1313 1371
1145 1148
131 1504
340 338
685 1465
342 348
1269 1270
207 215
1288 1411
558 627
1394 1398
139 138
1548 1547
474 473
1341 1340
249 1568
407 409
467 469
117 1570
268 1563
878 1458
23 91
322 358
650 669
157 91
191 513
711 722
1267 1403
4 1581
253 278
731 1097
1013 1014
38 1577
246 1567
299 1539
672 1469
20 21
1584 1585
202 205
530 531
789 790
281 1558
1034 1047
1345 1367
1096 1099
1014 1015
204 203
874 1458
1400 1405
611 610
379 416
698 701
621 646
1547 1554
684 683
1118 1119
1097 1099
915 963
1235 1236
71 95
47 49
259 319
424 1528
1268 1289
1507 135
924 950
1257 1258
586 587
323 328
233 1510
63 62
1155 1186
646 652
1208 1209
723 729
737 905
926 927
104 106
332 1540
521 1492
266 273
712 721
1201 1214
125 126
912 1316
90 91
1295 1294
525 1499
200 208
961 963
1108 1430
150 149
492 493
359 1540
688 693
29 64
1141 1435
1503 1506
193 223
1310 1323
397 408
965 1093
480 481
893 905
270 272
659 660
36 37
373 375
1334 1363
655 659
67 68
250 1514
485 1104
261 1560
327 358
382 401
1372 1385
278 1560
1251 1250
764 750
1083 1079
1514 1515
939 940
140 1572
766 777
783 785
86 85
801 802
1269 1355
67 88
305 362
959 975
978 1087
624 623
53 1486
368 384
390 1534
358 359
566 618
435 437
229 228
244 1566
1331 1341
620 621
684 1465
850 1448
663 858
663 661
370 401
1417 1416
473 483
706 714
1130 1132
1515 1517
1128 1134
57 585
1206 1205
836 850
1219 1220
697 705
888 1450
705 712
1197 1423
982 1066
929 951
915 932
307 306
768 774
1002 1003
908 1457
918 930
1206 1207
1051 1052
1032 1048
957 956
3 1588
1308 1408
597 609
556 557
1193 1217
1178 1209
314 315
586 1480
537 545
1346 1347
149 182
1002 1039
1578 1579
1482 1481
151 150
802 818
363 367
1048 1055
330 356
543 546
639 642
967 1091
1546 1551
258 257
1141 1140
1369 1380
949 954
311 315
818 819
124 134
1257 1409
884 853
666 665
1346 1365
593 592
423 458
848 997
252 261
268 270
734 908
674 1466
807 809
1379 1387
37 38
751 765
1545 1547
1409 1254
267 271
718 719
236 1512
942 1035
39 1576
1141 1147
305 316
623 1474
241 1565
1220 1240
514 515
268 277
89 65
971 1385
1453 1452
807 846
983 1075
962 959
139 1519
869 742
411 420
1181 1189
670 671
960 959
249 276
1328 1341
1466 1465
313 306
704 1468
630 638
650 670
290 292
294 296
1394 1397
495 494
82 81
405 1536
1371 1378
8 1578
20 23
1355 1351
789 797
72 71
976 979
634 633
1570 1569
186 204
54 1487
499 507
735 902
972 1081
555 553
1233 1412
272 1563
399 1536
365 386
1298 1410
692 690
646 647
335 353
440 1530
634 494
401 416
352 446
906 1456
676 678
228 506
183 186
470 690
700 706
1113 1439
586 588
936 937
555 1500
761 762
309 322
1281 1278
1333 1346
339 351
525 1498
441 442
1094 1092
477 1525
200 207
356 355
781 1460
546 1491
654 655
96 161
185 196
1184 1186
653 652
332 355
1122 1439
685 699
1119 1436
824 1012
107 139
1166 1171
488 493
39 40
814 838
658 657
270 273
968 1092
1073 1077
989 1445
348 347
1145 1149
133 1502
770 771
248 247
1213 1255
943 1045
826 1015
783 789
414 416
894 898
1244 1260
631 634
380 379
615 618
1503 1502
978 1079
1384 1386
815 1014
429 435
452 453
114 187
1271 1405
1393 1399
520 554
368 403
982 983
56 533
496 631
1543 1550
302 369
1414 1415
879 882
1116 1117
652 672
1200 1201
703 702
244 1567
565 619
672 675
476 474
706 712
465 472
1255 1251
281 1548
1507 1509
1157 1161
297 373
1543 1556
922 924
1280 1335
178 201
940 1058
256 1510
165 199
5 1588
1206 1209
1032 1049
239 1564
454 1441
1308 1310
115 143
790 1460
524 548
1275 1392
1392 1394
95 96
16 1590
149 148
369 399
1578 1586
1549 1551
1173 1175
933 956
951 955
1330 1300
119 139
226 510
1048 1057
1167 1166
232 1509
105 106
912 1318
235 234
425 1526
1141 1144
1274 1394
588 591
1165 1173
459 1523
1564 1565
70 158
1173 1179
216 526
1041 1040
345 1146
604 761
340 349
1038 1039
1343 1368
1379 1386
541 1499
1409 1408
718 740
236 1513
1039 1040
518 520
305 304
168 167
623 1475
990 1446
241 272
27 66
1544 1546
943 1037
659 1472
299 300
376 375
41 42
914 964
1065 1074
626 628
650 653
157 156
191 224
863 855
27 65
960 974
129 226
968 1319
240 1566
637 1476
663 747
1182 1190
576 578
175 177
245 237
1325 1387
1109 1110
908 917
1345 1389
180 199
769 770
4 1580
362 363
1239 1265
290 294
329 359
34 171
721 901
222 514
194 513
31 170
522 552
1244 1422
797 800
114 115
431 430
789 798
976 1081
681 1463
908 916
424 423
634 635
119 123
10 19
1027 1026
54 1488
1235 1234
371 379
1019 1022
436 438
700 703
832 1027
438 441
1155 1153
379 417
1221 1220
7 1585
737 736
714 715
14 26
225 510
324 326
417 1535
1296 1298
1295 1299
47 51
597 590
183 188
260 316
756 759
708 709
1230 1232
707 711
1001 1038
798 809
1255 1256
515 220
446 1530
210 532
546 547
824 827
689 493
152 153
1376 1379
343 348
1031 1036
561 627
148 185
1271 1402
1203 1204
83 1574
830 1028
146 189
1218 1241
76 77
285 286
1142 1146
889 922
271 270
1140 1139
943 1031
121 1521
989 1045
462 473
1233 1237
1215 1242
828 1016
490 492
344 348
966 968
1354 1355
1203 1246
720 902
986 1447
1344 1367
812 1007
6 1578
86 155
247 1567
808 807
889 923
801 805
1186 1431
1225 1418
631 633
189 223
1300 1338
473 482
336 338
539 543
1366 1363
452 1129
705 706
910 1097
1280 1336
345 1153
301 302
1200 1199
918 919
565 620
3 1583
403 1536
660 661
775 776
951 952
1555 1554
118 119
852 881
1324 1326
541 542
1280 1349
578 613
768 772
829 1020
363 365
367 385
1202 1214
1048 1049
825 1011
1546 1550
396 1528
949 993
536 572
636 637
1016 1020
999 1000
152 199
201 216
1100 1099
1346 1364
1183 1184
425 457
1578 1587
1199 1219
876 890
999 1004
119 138
289 288
549 563
1533 1534
232 1510
677 678
1546 1556
764 763
425 1527
904 905
1204 1213
638 693
1165 1175
549 1492
16 64
1311 1310
755 761
777 778
70 160
946 948
1313 1312
965 1092
524 1491
604 762
268 274
1303 1305
822 1007
751 750
267 272
558 559
168 174
577 611
681 718
27 89
960 964
514 516
627 625
407 408
13 20
106 1572
41 45
914 966
1312 1323
269 275
1150 1151
191 225
240 244
989 988
1474 1473
245 1566
411 421
488 696
1086 1087
495 691
1060 1061
1374 1387
670 667
381 401
1271 1272
1352 1354
1056 1059
672 1466
20 19
1589 29
776 777
1114 1113
237 1512
1241 1262
1245 1259
1065 1076
831 832
177 60
57 535
4 1584
294 299
1047 1061
1358 1350
1277 1359
20 25
1268 1269
10 1589
831 1024
1547 1552
225 508
54 1483
116 1570
735 1457
15 1590
915 961
555 556
1323 1373
1163 1183
334 449
1222 1423
323 327
360 390
913 1092
72 96
505 504
1333 1335
52 592
725 728
308 325
431 1534
1118 1135
922 1455
1214 1243
210 209
1296 1295
47 594
570 582
470 695
708 710
1163 1181
590 1480
1031 1035
1326 1343
1276 1359
359 357
1284 1283
509 508
219 1494
349 1131
1037 1036
388 389
793 1459
332 356
347 1144
125 128
1381 1380
1095 1316
1094 1315
190 194
1376 1381
930 1453
257 290
1364 1365
690 694
720 739
1293 1292
990 1044
815 1013
285 363
1152 1416
443 454
481 474
686 700
599 600
805 819
965 1319
766 767
1218 1240
76 79
1309 1341
108 1572
1217 1242
1244 1245
943 942
676 1463
67 66
717 739
736 908
1354 1351
806 805
840 839
298 378
146 1570
130 1504
414 417
801 804
1331 1329
565 566
1508 1511
1138 1139
923 1451
624 644
