5527.32189106587	3994.15904188286	324291
5513.92362625582	3993.62875013079	324292
5530.33701496669	3981.17800839681	324296
5558.39472562112	3982.8790248064	324302
5562.18723227931	3971.91001095557	324306
5510.89197993448	3975.08491406748	324309
5528.9403825561	3968.98032411758	324322
5514.51848149048	3966.72853438305	324325
5584.27654865253	3964.57338292656	324327
5556.45708597458	3962.4982572477	324330
5575.80709140543	3961.96434976645	324334
5585.43187721868	3957.68375641126	324339
5560.79099799206	3954.40265452635	324340
5515.42988399632	3948.53850676716	324353
5538.44222493876	3947.55449997191	324355
5504.23084804058	3946.17599404077	324360
5527.95632208401	3942.69151949852	324362
5582.75340808515	3941.49782070972	324363
5574.07801493985	3943.72904227984	324365
5510.62013937441	3941.07304075999	324369
5583.40392819017	3927.90154370359	324394
5537.80014223148	3915.46568056149	324408
5509.94748268866	3909.43915239637	324427
5573.61415961627	3903.6356085786	324433
5577.83196836451	3889.40126966578	324439
5523.4585228001	3897.72454411614	324441
5503.32011647264	3889.50622875359	324449
5535.87012377275	3890.50675178122	324450
5512.99133020351	3890.01965695166	324452
5524.17309284153	3955.92306423739	325095
5569.36793896095	3922.54311017987	325110
5564.95747395697	3917.2842291457	325111
5573.83891828842	3978.15808340689	352897
5554.34136495089	3976.0699593393	352911
5583.74902438053	3950.02539871056	352963
5561.20271891127	3944.57958901877	352970
5561.69077938381	3901.4871256791	353072
5571.47508067031	3892.3251586064	353091
5579.16149113373	3936.88660985166	353938
5585.50099482513	3908.26666964762	353954
5558.87633905501	3997.04706630737	508205
5570.54145933801	3998.16265518198	508213
5574.8368816932	3997.15276676456	508231
5559.38870330296	3989.62373899407	508255
5572.29483371553	3953.90897918369	508312
5517.74011551273	3998.52978602821	585015
5579.7041172037	3994.38936244059	585035
5546.59532884177	3993.4855088197	585037
5502.99267760627	3994.47766679433	585042
5521.74755115495	3975.58697066655	585059
5586.71100194184	3971.49682690973	585065
5508.80346465885	3968.14989183844	585069
5519.34161184595	3965.14325571844	585070
5504.67555707084	3958.75884446919	585077
5514.42894873901	3956.93457146261	585078
5566.60368892996	3956.15795011327	585080
5508.32668434404	3953.53953192409	585083
5525.915946026	3964.66037599688	585294
5593.82441728183	3954.29915860304	324346
5591.10477139269	3941.75504067917	324364
5649.20351205035	3992.25347274112	352877
5702.15783264874	3987.57072638286	352883
5686.74994160511	3989.39517334988	352891
5621.51302978377	3977.08632451579	352894
5776.92052026829	3984.83264702127	352895
5636.39545919265	3976.35164870523	352903
5665.56909494013	3980.90875062274	352904
5729.03803987313	3979.29702070703	352910
5720.93283873762	3977.7009002457	352913
5705.81042042703	3978.50073063816	352916
5728.49199843684	3973.79347719043	352921
5598.34127096823	3971.23445338295	352925
5714.62852031809	3968.991402261	352927
5609.89523726333	3961.33548125297	352928
5720.45554958524	3969.8974499405	352929
5744.00031455263	3963.92445758327	352931
5592.201480904	3965.80177558881	352932
5724.28096543142	3958.29655753755	352937
5626.01573181303	3954.06890258662	352938
5692.63972556297	3959.71353934514	352943
5649.13930377111	3949.95480651207	352944
5685.34849935369	3958.14562627082	352945
5758.36598834551	3951.73655347806	352948
5693.00266017975	3949.84962288215	352949
5598.42472745298	3950.32866765561	352951
5616.82660134813	3945.26722991486	352952
5657.84802262716	3947.41886017777	352953
5707.92780655064	3947.66858065816	352954
5716.03505180673	3948.79187748254	352958
5679.12887149097	3947.65584772717	352961
5783.47706726063	3948.9965716812	352962
5701.35838971738	3949.54149703706	352964
5662.39515064072	3937.87931251867	352967
5631.28694594381	3938.73454173432	352968
5739.09503666181	3940.08932181163	352973
5723.42061645189	3944.87873847794	352975
5753.58122181636	3934.2310997475	352981
5769.77188490656	3942.19155666453	352982
5786.54838079664	3938.81162322275	352983
5732.25461119554	3940.65284609392	352985
5767.8353663195	3933.27901401758	352986
5747.86638498048	3939.0235200359	352987
5710.55016489106	3930.50470120519	352989
5721.60961286971	3938.62961548956	352992
5727.5256185356	3937.8713751323	352994
5672.49407891708	3931.69656119054	352998
5591.53233893453	3931.64660734952	353000
5701.73362435401	3926.31870016626	353002
5677.14436807965	3924.03021904986	353003
5781.33099731302	3926.70536251144	353004
5788.20950600269	3926.47407124707	353005
5718.59418453774	3926.56577887692	353009
5776.20487081773	3919.6627698216	353010
5639.62526628034	3919.8643795895	353012
5735.7975694397	3914.16453361786	353017
5719.83850020891	3918.98672375823	353019
5762.36503463661	3919.60871166139	353020
5656.69712974769	3920.26498070415	353021
5691.44062375441	3911.3638468345	353029
5726.14228620704	3908.60965700194	353030
5654.91684393961	3913.50109305286	353032
5619.63761058006	3917.49810593226	353033
5783.65230066336	3909.01694233221	353034
5597.2674191947	3916.66276061249	353035
5679.84123111819	3907.19635402787	353039
5645.49628222723	3907.07298408719	353040
5706.3729584114	3911.33626424941	353041
5760.86045323639	3910.15312490883	353045
5614.51612456956	3911.43318615536	353046
5750.93531062194	3903.06159726008	353047
5622.65124033279	3904.62609216832	353048
5711.69254480034	3906.45229215583	353050
5593.19108865124	3904.27916545927	353053
5603.76711869076	3898.33361476464	353059
5700.56415741791	3903.69260972992	353066
5654.18365662561	3902.14338138046	353067
5665.42251372406	3904.55682153025	353069
5636.65350996683	3897.50094607936	353071
5664.47992612045	3892.21191370932	353076
5705.60706615012	3898.79300733887	353078
5772.19699149201	3895.95607339162	353079
5785.84523887111	3900.58883962168	353080
5725.99033059473	3900.74821954022	353083
5727.69186815155	3897.77734398148	353086
5677.66482318762	3892.12590150452	353087
5742.96539100625	3889.73198187496	353088
5624.7728673574	3893.66885072851	353092
5786.57933569291	3896.36206966499	353094
5738.52611915523	3892.01913202874	353096
5787.50327442804	3889.92268849308	353104
5681.53957112933	3980.0099371735	353921
5691.85359551186	3978.55737612675	353923
5711.95270805653	3976.54351999574	353925
5741.02304033401	3953.24554351393	353930
5731.10801866279	3949.425782801	353932
5749.50099776349	3947.42425790861	353933
5689.7509096787	3924.99516488595	353942
5739.21599639791	3925.85676421885	353945
5749.55248232956	3920.00482098619	353948
5668.0632182489	3913.59151313832	353952
5701.14771033676	3913.32895086041	353953
5771.19156291468	3907.55401760797	353955
5715.79171279832	3901.82754661545	353957
5687.9471135128	3896.94562906292	353960
5611.21897508907	3893.32835808051	353963
5634.97399463339	3995.26394667588	508185
5680.03820013832	3998.06309154032	508216
5668.85246416929	3994.50764363552	508225
5660.85444271736	3994.37386663136	508226
5619.98647942001	3995.96867338741	508228
5688.18547758076	3995.32244779747	508230
5728.67429646833	3995.33353571901	508245
5699.45948426491	3994.88283924164	508247
5788.05429408293	3988.99816047483	508253
5730.45859777402	3988.42623571567	508256
5674.31456429524	3986.89847766816	508257
5618.81568508659	3985.9064724564	508258
5754.27389419068	3981.26966269649	508265
5649.21646826952	3975.82073677441	508272
5653.18292846067	3967.69103588469	508275
5668.44883889019	3972.49864139263	508280
5736.84428745528	3969.68389067701	508289
5682.36758216196	3968.07314734296	508290
5771.19231857865	3964.40583528507	508292
5635.96251728423	3960.58333327982	508293
5705.89915047276	3961.14790855071	508296
5669.6467734199	3961.32677506129	508297
5714.53409003961	3959.19044285147	508304
5768.26879541717	3955.44685134083	508306
5749.87439805655	3959.5075212852	508307
5777.86880182685	3949.58779038268	508313
5688.70984568052	3973.04718466312	508537
5783.5221977206	3963.05076425622	508541
5590.431579657	3987.68089355648	585052
5989.57371527369	3915.63348382864	289231
5986.66546892259	3995.12667591246	290233
5873.840405781	3996.18068029056	352876
5848.53656291773	3994.27123852396	352879
5855.40074272078	3995.11306520411	352881
5863.97934474728	3993.85122467796	352882
5889.1162987997	3992.59448407614	352885
5827.27070853119	3990.04897822953	352886
5832.3492463547	3988.51322783147	352888
5852.5745631837	3985.95263593416	352892
5842.92251232853	3981.11761062778	352901
5909.43046362698	3983.64088025894	352902
5902.91054564008	3983.92147201451	352905
5893.70267612065	3979.46162752141	352907
5789.11501279766	3978.99101950244	352908
5854.91305198602	3974.12675035555	352914
5909.86421234311	3978.09379228725	352915
5988.51525221266	3973.77760724333	352917
5905.1436367481	3969.87748734986	352920
5823.92279562066	3972.39355030069	352922
5871.34379047122	3967.13781259942	352926
5986.64438003563	3960.22158721884	352935
5859.1332788453	3959.17027249377	352936
5829.45453245347	3954.65567472327	352942
5924.17149127918	3956.52110384588	352946
5819.88605996419	3956.29183999143	352947
5796.96105785562	3954.01894212252	352950
5882.79939693524	3945.06234078581	352956
5922.00859478697	3948.79619086617	352959
5871.34821173369	3948.12545843404	352965
5915.8597920247	3945.92103060354	352966
5878.39698495562	3945.91473548236	352969
5832.89005264122	3946.5982796927	352972
5840.21540464616	3941.15302338491	352976
5795.94326497568	3937.94522345002	352977
5850.25040845504	3945.22484139714	352978
5865.45536666981	3942.87416897202	352979
5807.18924133781	3937.70413706469	352980
5930.80216035659	3941.11757798607	352984
5826.19804711377	3935.60203672477	352988
5917.87914973029	3932.63739517361	352990
5899.97951971519	3936.49765489255	352995
5870.46754443672	3934.13310876627	352996
5853.8442217117	3931.38882463253	352997
5841.83711026518	3922.4253543935	353001
5797.41440655999	3925.31681173105	353007
5895.59552668742	3920.69239558708	353008
5878.76758146425	3922.73709975837	353011
5821.14084289982	3922.1887062236	353014
5849.92923094302	3917.65179983492	353015
5870.6010032863	3921.96795361685	353016
5828.93638956967	3920.57094087763	353018
5790.85116863596	3916.48518519546	353024
5982.06958582128	3916.10536544094	353026
5810.90388327798	3914.00058748046	353027
5903.55825518923	3916.13438783304	353028
5962.57225748019	3915.76142428582	353031
5801.80745009526	3906.43720839798	353036
5973.37055130031	3913.45856644666	353037
5881.46931189012	3910.50108040364	353038
5951.35523559179	3911.85333260504	353042
5829.12762282117	3909.93109002481	353043
5906.54472033591	3902.49890324039	353049
5852.1817451108	3906.56450701404	353051
5838.2906035915	3908.39352351512	353052
5964.972614564	3907.66326570549	353054
5789.42107688833	3908.49159440933	353056
5985.01188973225	3907.21648663213	353057
5891.19725430074	3904.00244809613	353058
5812.65758326597	3897.20430128287	353060
5860.48917061526	3902.86993484812	353061
5957.62216032104	3903.14672444312	353062
5827.88134432482	3903.95143953833	353063
5941.8162631097	3903.78521857633	353064
5845.11072149542	3902.97882190099	353065
5872.26811732568	3899.34491645052	353068
5791.57022300512	3902.9793461066	353070
5883.25103188388	3893.44778352878	353073
5845.36992201169	3896.17726688577	353074
5947.59455021059	3899.36708000721	353077
5836.41488832146	3898.24006042121	353081
5899.36717970944	3893.0604209379	353082
5924.94190858976	3896.78190696417	353084
5828.22067050676	3897.44783230272	353089
5830.29361220218	3979.83164167814	353922
5956.28296867089	3952.46604946253	353931
5822.22380930145	3945.8783875706	353934
5904.97404252526	3944.12337739385	353935
5855.90517787337	3939.26125462004	353936
5817.84852988493	3933.81406094666	353939
5879.96522475972	3932.35209737872	353940
5833.289455148	3930.61099320296	353941
5899.36434765422	3928.6150706549	353943
5906.93223019766	3925.44145328178	353944
5812.91408111203	3923.55623862498	353946
5887.42979978522	3919.86131806961	353947
5863.03571753538	3915.20087681304	353949
5937.36359887715	3916.54112896702	353950
5912.9898288667	3915.38175281004	353951
5820.78080461409	3902.32961294424	353956
5914.4568737219	3899.77669967202	353958
5979.84217470462	3898.12901378074	353959
5860.10004123217	3893.34499298407	353962
5891.05632433735	3997.79834010373	508224
5861.07914766257	3997.8757269346	508238
5852.80126329356	3999.17982964181	508240
5899.66840184221	3991.85160853384	508246
5887.92180914448	3986.47467478835	508254
5970.63312717707	3985.58751213158	508261
5896.98984685495	3981.88527102385	508268
5902.45203733587	3978.07537421544	508271
5988.47419260956	3979.83677323477	508273
5834.14915569018	3974.37853150415	508274
5844.42038342419	3969.76144088486	508281
5981.53772385711	3969.17903602973	508283
5962.46046841156	3970.69684918169	508291
5820.65924931269	3967.85454544128	508294
5825.19702543288	3963.75751343102	508299
5836.15677176932	3959.28458833999	508300
5883.69783663208	3963.47167255583	508301
5892.22788757929	3955.89216632988	508302
5876.71871988149	3958.36508627013	508308
5802.85508264071	3959.75992610616	508309
5847.24003394665	3954.00681956102	508310
5905.69993436179	3957.99421194297	508311
5790.89283454402	3949.43186193782	508314
5902.61466208053	3950.64086313612	508315
5859.0095078711	3949.8219120686	508316
5908.77714845442	3998.33627282385	508522
5837.28571024254	3995.0370156184	508524
5877.79581844771	3986.54316434041	508528
5835.01030528511	3985.58738039669	508530
5872.73070632546	3978.99238444931	508532
5864.2876857661	3977.37737069973	508533
5954.3103287864	3975.92724219786	508536
5887.97695746985	3970.68189223295	508538
5917.16170445908	3964.25603067439	508540
5998.08411850892	3958.55374163733	289114
5991.44861649305	3951.49587720089	289141
5995.14772324315	3919.21275583777	289227
5996.48028286602	3910.85789646234	289248
5996.82826579501	3900.29336289402	289276
5998.47978828347	3980.98490628496	352906
5994.43214182438	3974.8802222581	352919
5998.06942635074	3966.29688092117	352934
5994.66682271167	3932.93310595087	352991
5992.82206261357	3893.84753990551	353090
5998.87043708116	3973.61591963445	508282
5996.21797125871	3815.71856842271	289510
5996.3034945871	3800.52191073669	289570
5995.9384852753	3727.61079408187	289807
5994.83929530228	3697.55988511525	289876
5995.20194311145	3738.04929465829	290351
5996.64404015223	3886.41535239169	353108
5996.93648491691	3873.18676320651	353137
5996.47013761086	3859.57424135441	353182
5996.0757908608	3825.77183952459	353239
5997.87123313377	3806.52590739894	353291
5998.86321768005	3774.3378447982	353368
5997.21064309827	3768.63164120689	353377
5998.2202016516	3761.70209986382	353393
5998.26423049255	3714.33570539887	353483
5996.90162230065	3751.58476147151	354031
5991.41106181376	3873.25341707813	289343
5984.38526259801	3855.91396418984	289395
5989.69887348607	3783.0116424	289630
5987.7635396363	3774.01120659236	289663
5986.48727241177	3748.82897092125	289707
5986.34345252926	3731.94885582818	289784
5994.22473813756	3721.1039121068	289825
5993.27748097181	3849.77355560369	290302
5990.87581874389	3790.0291859856	290337
5987.4930190366	3713.96101525328	290364
5952.30472032806	3891.72644080932	353075
5838.69092305911	3886.87706035903	353085
5967.29266402461	3889.31889621564	353095
5854.94581318345	3884.9995612315	353097
5932.78011975249	3889.94994086996	353102
5920.20292982306	3887.73769394513	353103
5981.30975348184	3883.26580387602	353109
5867.56269188117	3888.51032947194	353110
5845.57482722627	3881.75406279796	353111
5868.62713408099	3881.56295414145	353115
5940.12564405644	3877.16434324365	353116
5906.29741455884	3881.48408729007	353117
5882.63927536236	3879.36107967979	353119
5809.65480686751	3881.00330312906	353124
5864.50721437105	3876.53439745686	353126
5924.62819305525	3875.23795425001	353129
5914.23480984879	3877.0054232255	353130
5827.49152021494	3871.42824660491	353132
5957.47517786098	3872.63641126746	353133
5813.02707660626	3873.05715120554	353135
5893.34387498605	3877.62241587161	353136
5983.10144434893	3872.98733035118	353139
5854.11539181693	3872.74553564896	353141
5803.07438389773	3870.61157982572	353144
5909.18013714675	3872.87533585604	353145
5931.3710559437	3867.2071077828	353152
5871.27682153778	3863.15703545976	353153
5972.669808721	3864.16835751678	353154
5907.20501660388	3864.70372875179	353161
5881.1823040051	3861.93798069498	353162
5913.95851996722	3861.79958834572	353170
5793.75132322355	3864.12379636894	353172
5799.34538995638	3859.18974246128	353173
5925.07369224197	3855.07216380818	353175
5986.00766441496	3862.22916702337	353176
5839.61318761073	3861.35490903521	353179
5960.7285799311	3857.729034435	353180
5939.70982972318	3853.86448484913	353181
5889.64833997253	3849.73151902984	353188
5953.86426936852	3850.89648494244	353190
5976.96018388794	3851.86762861702	353192
5970.67797416099	3849.82085678025	353195
5857.18034059768	3835.83509063511	353197
5957.99466981335	3845.1531293011	353199
5906.9002900105	3842.15307329542	353200
5840.21578697367	3839.18227484809	353201
5799.81486710228	3846.3346397224	353202
5937.40513432959	3842.51397910553	353204
5897.03421425505	3842.2225190496	353206
5989.68188508164	3836.32650022177	353209
5919.69219907799	3836.84194609545	353210
5885.55120883943	3836.51376427966	353211
5949.30915934512	3840.54487195674	353212
5901.42952625892	3835.12180988026	353219
5943.46393706133	3835.09703635071	353220
5955.51758061797	3836.57560797012	353223
5928.57078512015	3828.77096580154	353224
5949.66519617103	3826.07239731417	353232
5907.05233428036	3829.43106299351	353233
5969.34597720443	3828.36709010891	353238
5866.13024565483	3828.19200350444	353240
5977.09616966472	3828.36119785158	353241
5958.23530678225	3826.97819351844	353247
5842.0956510445	3828.22266063202	353248
5883.29158455218	3826.04676823553	353249
5897.36828783201	3826.32559131869	353250
5940.78885503326	3824.60721596059	353251
5853.67097679546	3819.78423384957	353256
5982.92438902559	3821.41737334762	353257
5956.15984439562	3821.83677258448	353258
5863.04299528035	3821.98304761229	353261
5906.27244200999	3819.90405364802	353263
5894.73962182263	3817.22129195557	353266
5886.05231288614	3820.22499119278	353268
5867.64418248705	3814.48085088134	353272
5916.50344950069	3812.0039221364	353273
5956.59831093158	3810.53613553301	353274
5947.89192253388	3813.51804562043	353277
5942.00425733059	3813.34301449607	353279
5981.39153503453	3809.90377157914	353282
5972.82519522003	3809.01725332339	353285
5933.83397164667	3807.63750988344	353288
5989.05985417135	3807.98728916254	353290
5842.6595943599	3805.02775485877	353295
5881.42591972895	3800.62914924405	353297
5944.59327556536	3801.27248188401	353300
5871.83170867584	3802.4965002098	353303
5905.09191571275	3800.88146909549	353305
5929.80355557824	3803.55154093812	353306
5978.06419707812	3795.11003234995	353307
5927.43120537703	3798.68748488138	353312
5899.64056469061	3796.43925873538	353314
5964.12876487446	3796.04412233764	353315
5871.88426658432	3792.1790725866	353316
5892.50596387269	3789.35103689868	353318
5938.19077863922	3795.40402198613	353319
5928.76533355671	3788.98328622754	353321
5984.2536404616	3790.29734523858	353324
5942.85764827221	3788.51779258465	353326
5814.82272236422	3788.05771091296	353327
5962.80682942099	3788.70075658192	353330
5949.47055468744	3787.71251021265	353331
5839.69904107472	3784.37463062225	353337
5963.37867023983	3780.76477542805	353338
5850.01245824066	3783.5900625927	353343
5864.67704372627	3782.85155759182	353344
5807.31229639314	3779.80164578171	353346
5858.09763870704	3781.06651784415	353347
5827.46427394716	3774.25809316883	353351
5815.39224797486	3780.77148279608	353352
5939.3293385398	3777.96358054879	353354
5906.29648710499	3779.19119333342	353355
5925.98460413102	3778.66302463075	353358
5876.46072782103	3773.26670827002	353365
5858.3010200665	3773.32139772786	353371
5904.02142856	3771.16858414151	353372
5815.83107258177	3771.59885865955	353374
5963.57762769439	3769.7067918307	353376
5798.96916949736	3767.24957679843	353378
5914.30709783843	3764.78876313919	353379
5947.84333118025	3768.74739117634	353384
5809.18874686617	3763.02767189572	353385
5961.51676548535	3764.32227409656	353386
5853.25229646927	3764.9418916774	353391
5834.5104542231	3763.12964294579	353394
5843.78135661139	3761.25753747077	353395
5796.04373325659	3757.11483293849	353400
5973.81055448114	3753.05255023524	353402
5832.26730941398	3757.38847816315	353405
5929.18089101456	3758.46178851756	353407
5939.42368508507	3747.47516692049	353410
5904.72534476977	3752.97555363657	353416
5811.07092771694	3751.32519487395	353417
5927.52529938201	3750.6256669309	353419
5845.45424777797	3751.90644511305	353420
5836.97505703792	3751.62637892232	353423
5950.77741371558	3744.95810613428	353424
5901.53054705827	3743.06169972343	353428
5962.08534058407	3746.13360589886	353431
5977.76870198063	3743.78253875717	353436
5896.07262399995	3739.65778857057	353441
5925.8105904371	3740.01095581998	353442
5912.15739399955	3737.22882877149	353443
5836.67517090887	3738.81995839083	353445
5956.60718653476	3735.56846436432	353446
5886.84798991515	3738.19843948735	353448
5823.93513598017	3735.01243234397	353452
5937.57196372225	3734.75555867825	353454
5944.32858622909	3732.17862146053	353461
5964.79028342852	3727.8792679444	353463
5976.37712970701	3729.04834191537	353464
5795.55282844467	3723.50892928311	353470
5985.1994828446	3726.35315403078	353472
5954.95960110938	3721.35499267451	353473
5812.56457097009	3723.16551892137	353480
5976.07210213318	3721.99316075072	353484
5915.90966930513	3721.23724427095	353485
5934.50472258034	3711.93536763318	353486
5859.33409149148	3718.58011135757	353489
5923.56425302612	3716.67493678742	353492
5944.97281675133	3714.60788510348	353493
5805.44414281807	3717.23876245674	353495
5964.77006697017	3708.12532288005	353496
5914.74284139509	3713.27216382003	353498
5813.9032335237	3710.41360039931	353501
5975.4936203694	3707.87807553518	353503
5954.40540256506	3712.22960224746	353505
5800.58416202671	3709.9067311313	353510
5925.90240351388	3709.18393189017	353512
5868.46389528359	3704.27347751117	353517
5946.39765644019	3705.57073027338	353522
5886.85567764486	3701.8958840868	353528
5900.25928433414	3693.63692975419	353531
5979.02813384688	3696.1555312731	353533
5837.87752515969	3693.33905631976	353540
5859.62842164344	3691.04778086582	353541
5930.82315423068	3695.86305468956	353542
5879.10011827477	3694.36403000376	353543
5800.28813355036	3889.60486863433	353961
5817.93451154303	3890.19482273592	353964
5828.06027124273	3889.86600089978	353965
5874.30924583259	3887.23746101657	353966
5793.14358679912	3881.04863896999	353967
5891.95712119374	3885.09933395951	353968
5870.87698090698	3875.0737460847	353972
5901.46254281391	3873.23601152168	353975
5842.40057618452	3869.35347113327	353976
5893.63347553976	3866.12135543121	353977
5880.50605966119	3869.8592311862	353978
5860.39370373152	3859.48657694114	353979
5945.98653600894	3862.44844360299	353981
5901.24082082528	3854.95894646407	353982
5828.22116353116	3855.37530511213	353983
5850.07885830373	3850.44926673053	353985
5879.59468066403	3850.31473145444	353986
5913.84432403616	3849.79437616074	353987
5870.63965227523	3840.55710991593	353990
5974.63865511694	3839.7677812035	353992
5963.75191432667	3836.16986717878	353993
5811.65113605414	3841.50169576382	353995
5798.30486281072	3838.27685316165	353997
5813.05293255976	3835.21999165377	354001
5916.68043088223	3822.23422323972	354003
5932.50126113052	3816.75049558092	354005
5970.13751629964	3816.80384899414	354006
5875.47121347985	3810.54938283053	354009
5900.44457484635	3809.4731677598	354010
5890.96356185439	3810.67441530951	354011
5914.02286690807	3805.90907573592	354012
5964.08284916774	3801.79401149481	354015
5953.96847792321	3792.96333290372	354017
5879.13981540887	3784.04301790395	354018
5842.53532119529	3772.69830388039	354019
5914.88045303703	3776.71720903034	354020
5936.60292217711	3765.64695853992	354022
5949.88080657275	3760.54393331382	354026
5963.16930611687	3756.48217469702	354030
5912.42719067317	3748.11345941013	354032
5884.84136412715	3749.02372537296	354033
5972.81118646451	3739.06063145608	354035
5919.6042382271	3730.27372746718	354039
5805.67915661246	3729.34570406563	354040
5937.90779757489	3727.42064089193	354042
5934.36241358649	3723.31398955841	354044
5973.24396933774	3717.1372467945	354046
5883.93840318638	3706.07683628766	354050
5601.889499669	3840.07486276767	324514
5598.64087296897	3825.95834542119	324538
5601.4669661062	3767.79725441282	324649
5599.51977332653	3762.60419166986	324656
5592.37605001498	3762.67373465723	324659
5592.53432021566	3747.54863112178	324694
5598.37121145484	3706.486462312	324763
5598.35528776985	3790.49850127875	325163
5698.28256983617	3888.98891178273	353093
5710.02263184942	3888.49712931797	353098
5722.85880678791	3887.11772280072	353099
5733.70904155166	3889.2012997948	353100
5750.20411713244	3888.30482610338	353101
5645.36816015179	3886.79817883949	353105
5762.4134883782	3883.90879960727	353106
5614.09963748126	3883.94693124243	353107
5633.45369743537	3882.58274460746	353112
5619.89846187165	3874.34662408487	353113
5773.32400587054	3884.60446116975	353114
5778.12005105593	3884.04115314808	353118
5602.06260808347	3879.75647482008	353121
5736.56609685674	3878.39681152576	353122
5668.14729044834	3878.04544951513	353123
5651.49098698004	3877.78973740281	353125
5691.31082903142	3876.93226571668	353128
5771.15596477444	3875.60782095493	353131
5724.44627623955	3877.93844621866	353134
5674.39974928727	3871.17094039082	353140
5601.27254452917	3867.01362837399	353142
5731.53455895808	3868.44951701526	353143
5717.78142308008	3866.85150821537	353146
5637.01705398078	3869.27447778365	353149
5792.48652955994	3872.6722993652	353150
5647.75325535253	3865.96474384345	353151
5775.3275129472	3869.56791434834	353155
5657.0413850074	3867.30813764011	353156
5684.44403228317	3854.97798993527	353157
5694.36705976054	3857.95418200291	353158
5790.23579155801	3867.54036146342	353160
5611.06721690644	3863.64826448202	353163
5626.49359015112	3864.06581840722	353164
5663.81652993242	3862.90277403427	353165
5668.23786931533	3853.50734190992	353166
5724.87770238944	3860.04790529119	353167
5622.11335912567	3857.82325149976	353174
5767.8731179565	3862.04103216458	353177
5614.82935952196	3855.5883827997	353178
5730.29001681738	3856.54654808247	353184
5634.95780197401	3854.1162691576	353185
5717.157898309	3852.41410837309	353186
5655.99385037696	3854.04551041292	353187
5599.01334716019	3851.49618286947	353189
5647.97501619524	3854.4665862984	353191
5648.1531717444	3845.02501977699	353193
5739.79351098822	3844.32472370896	353194
5725.76007433926	3847.2454349212	353196
5724.9121333059	3837.86113872182	353205
5701.54984933654	3840.14989951478	353208
5619.06227708664	3835.62804750719	353213
5639.82278649427	3838.14757228183	353215
5687.11596437899	3832.46908696954	353216
5733.89891617872	3828.94525257383	353217
5657.91156598388	3838.00878743017	353218
5626.23186795309	3827.08628962361	353221
5664.53554931292	3836.95683742772	353222
5610.77155192009	3832.01181324617	353225
5595.88111969173	3832.91517070175	353226
5660.19417130862	3826.90527971926	353228
5650.73555680086	3829.3217650962	353229
5713.3989209004	3833.54630339301	353231
5706.27862584173	3828.75938481044	353234
5645.48340344041	3831.70236751235	353235
5718.12462243868	3818.7902391396	353236
5639.17817963311	3820.9609601432	353237
5669.67228982564	3827.84587041588	353242
5773.5178525515	3827.49158070973	353243
5760.4412376406	3822.19389768046	353246
5747.88826271508	3822.64346221396	353253
5679.29339851778	3821.66599359732	353254
5690.79123032667	3816.32979610142	353259
5702.35632626123	3814.58429146144	353262
5648.87721623092	3820.76468518103	353264
5608.37207026348	3815.7244585151	353265
5630.90140696299	3816.42849994348	353267
5594.75475740111	3814.11768414459	353269
5671.93047724527	3812.93984697995	353271
5736.87765570488	3811.34014555483	353275
5642.00923584215	3808.07091681068	353276
5650.58662295333	3813.07870899468	353278
5716.25179378633	3807.50141461023	353283
5760.84512318723	3804.7853135134	353284
5740.80359648256	3803.86300388154	353286
5689.66431177075	3805.82596679606	353287
5615.69032706334	3808.46618559367	353289
5710.31160465803	3799.52145111172	353293
5627.91711036197	3802.95069739476	353294
5750.56267906882	3792.12153700034	353296
5609.10008715962	3801.50916876097	353298
5679.9767997475	3803.52320556661	353299
5651.67445539926	3798.55545236119	353301
5620.62684200387	3798.32007589249	353304
5729.6025492909	3798.66570764933	353309
5668.5987921251	3793.39730609509	353310
5724.2142323222	3798.12429250787	353311
5612.42523733599	3792.31853772216	353317
5773.41492758773	3791.01055225551	353320
5636.62368894112	3792.40403269916	353322
5679.86412395539	3781.87001045807	353323
5729.28110530253	3791.83341192273	353325
5629.28633559252	3790.06573931961	353329
5608.84850646319	3780.77679974684	353332
5715.7074149595	3787.74567683224	353333
5704.59122248343	3782.10039842403	353334
5632.78279875713	3785.1006043741	353335
5779.96723623165	3783.97099698362	353336
5720.42508290442	3777.32024652724	353339
5658.52245184989	3781.48821181363	353340
5732.75200140129	3777.94084606299	353342
5789.52641201957	3781.81684258148	353345
5769.20370704441	3781.46454114335	353348
5692.70893476348	3776.59832627729	353349
5593.49243301844	3777.08213648535	353356
5752.76011968666	3777.59316399384	353357
5613.21667810097	3767.6547956562	353359
5639.41970635744	3774.42936781063	353360
5765.54709559616	3775.62912510413	353361
5707.69472087458	3774.266745348	353362
5782.04760535501	3777.03244133272	353364
5630.81756247294	3765.07009262456	353366
5749.48086547208	3771.103260558	353367
5648.37260377794	3763.76308746026	353373
5784.81591774566	3769.87642976291	353375
5769.44323263021	3765.8490631795	353380
5665.79192788041	3770.76931095454	353381
5743.65085770669	3766.17275653091	353383
5664.5372603719	3761.47055622169	353387
5695.0757805341	3761.774376431	353388
5692.37719594786	3763.60641761086	353389
5727.23789671898	3761.8153641977	353390
5737.54416248926	3764.55273795923	353392
5781.99464821488	3764.21107206438	353396
5733.55306220676	3763.02461154913	353397
5744.10643426812	3758.99427058027	353399
5787.30364894201	3761.76872223811	353401
5681.08259544991	3755.15833978335	353403
5611.00790912128	3752.60568160593	353404
5737.08021380972	3749.69319084318	353408
5786.26081293608	3753.82237879133	353411
5705.83028044642	3751.40143424178	353413
5663.25344686087	3749.15653853374	353414
5724.12811449753	3746.05489112859	353418
5690.53422878335	3743.61065604243	353421
5671.55636456375	3750.48331472225	353422
5633.69065133377	3750.58051924845	353425
5644.58253187758	3750.7982831602	353426
5750.83998008068	3746.39116455588	353427
5679.11381417153	3745.01243682894	353430
5630.60588414846	3737.58707784263	353432
5641.89909314123	3744.53947423642	353433
5611.32439937742	3741.60365171518	353434
5762.0847746738	3737.53031405579	353437
5774.64228438026	3741.01794925236	353438
5786.43600191592	3741.81054631372	353439
5671.87891431842	3738.89764877379	353444
5607.48118228269	3733.48723682364	353449
5678.30165470109	3737.79943587073	353450
5656.99433560392	3735.88329522315	353451
5676.58636443	3730.82127328034	353453
5730.65601912948	3736.34578560881	353455
5723.43802983106	3726.45932652601	353457
5596.65393650241	3733.24039362081	353458
5663.84444458044	3733.71815411757	353459
5733.7989172117	3732.29372135001	353460
5616.01087005565	3731.26316720716	353465
5761.94075877062	3725.51196149027	353466
5659.17037909246	3721.39554095497	353467
5752.2968975333	3725.77014628444	353468
5665.19727673569	3726.77546978913	353469
5631.79395910315	3724.67425461024	353474
5686.23843389578	3724.58547653995	353475
5737.22219515386	3719.07747066165	353476
5625.26344321318	3719.98188890802	353477
5682.34990037216	3719.53396594116	353482
5671.85469276134	3716.67824151682	353488
5754.12987974152	3714.10426369935	353490
5692.68369294617	3716.2711912017	353494
5723.75476884497	3714.88723597467	353497
5656.58549158114	3712.4530155055	353500
5716.35375455983	3709.52121113852	353502
5682.41274358694	3711.21590799266	353509
5676.98592426162	3705.02836622018	353513
5724.79266737593	3707.2556940861	353514
5736.34480873742	3706.97898597065	353515
5746.02772608612	3703.90332317016	353519
5708.27057492847	3697.50973675841	353523
5725.19298766872	3697.91505891893	353525
5660.42299228299	3692.4468277857	353526
5751.12713919291	3700.44061719914	353527
5607.14066591407	3695.37434297279	353530
5784.85733235113	3697.74142846154	353532
5615.26102752022	3696.44897381993	353535
5688.40652062171	3695.67238218743	353536
5776.4562190528	3698.88651587412	353537
5630.77202315127	3694.6414725878	353539
5739.09669865431	3695.41541526731	353544
5671.93055924542	3694.87650580258	353545
5744.257492974	3690.78661860443	353547
5638.97358171442	3692.28301274689	353549
5697.8883288883	3690.07078639153	353551
5782.73679711754	3878.14805751867	353969
5754.05652774879	3874.80299686631	353970
5710.81379870566	3873.77985640308	353971
5700.09436087355	3873.00778638027	353974
5700.57420811488	3860.18758683632	353980
5757.59540103634	3855.47387921786	353984
5708.16486967777	3848.3301347839	353988
5673.06654226439	3841.42198040265	353991
5695.61457449142	3836.22022551862	353996
5676.62564326461	3833.81935108396	354000
5697.44822442784	3825.57855994748	354002
5727.099078714	3821.24229649731	354004
5659.65816996034	3812.7081447491	354007
5623.5752943611	3814.36772800069	354008
5600.35239705035	3802.3246549347	354013
5698.59490630233	3791.66943115213	354016
5682.33508826349	3768.46420626433	354021
5624.9332344345	3767.58681895162	354023
5706.62504932692	3765.62571406031	354024
5663.7564312746	3767.52216817387	354025
5755.96759994284	3757.8021683868	354027
5718.32668688469	3757.46732450529	354028
5771.94599409195	3754.1540417876	354029
5792.19897651515	3748.93653994901	354034
5702.14764924653	3737.11347845226	354036
5602.79987264277	3737.55527252287	354037
5744.41377796457	3732.90336670004	354038
5710.0650606587	3725.23006140232	354041
5695.87655432797	3726.09418718788	354043
5617.24111882289	3719.15502102142	354045
5706.06149058896	3710.85225957587	354047
5690.98048919312	3707.47663333415	354048
5664.73590954501	3704.60867044413	354049
5700.03593842362	3702.21879538986	354051
5617.91763364994	3688.88795712328	354052
5613.12932201634	3689.11951583201	354053
5522.30223009565	3880.57015961126	324462
5544.75467724119	3878.67113694045	324464
5517.82432086085	3877.81403166234	324474
5533.26004775675	3873.44706201467	324476
5544.75160970624	3863.84120589354	324490
5536.64703249662	3858.73415631021	324492
5515.19619414092	3854.00520193779	324499
5590.85800385932	3849.48279849106	324500
5566.84621704176	3848.97817823236	324502
5543.21735014257	3850.49815864507	324503
5518.18225055085	3843.96090120162	324511
5559.27247094248	3844.4637371993	324512
5547.26810736758	3836.46714323998	324513
5533.41775781119	3838.33776551984	324515
5524.41202269546	3840.11700086981	324519
5510.34903073705	3836.0955383606	324520
5501.69049542067	3821.85561191328	324535
5565.50863251827	3826.65972908882	324537
5528.5604965526	3825.96859688813	324541
5555.74137925238	3820.22201173819	324547
5578.15020631096	3818.83177825746	324551
5562.85468851561	3809.76901356544	324569
5573.65533974195	3807.44506132675	324570
5539.52270714307	3806.70133682252	324572
5550.11076377691	3804.91498879886	324573
5513.39975873863	3804.92161603796	324578
5562.17450588776	3803.02802988224	324581
5510.59899108866	3798.09113317481	324594
5588.52460994527	3791.35092866671	324605
5503.02711907792	3783.31115133493	324608
5591.02385277744	3783.56903756754	324621
5583.97617885221	3776.53462378165	324622
5558.99859213944	3774.07175283548	324624
5542.92867032912	3775.53582320463	324634
5549.54270576075	3774.96552354715	324639
5568.59303087424	3763.53027448401	324644
5537.22939036624	3767.23239849006	324647
5535.905570969	3759.07838159102	324665
5590.82992581065	3754.24514260812	324675
5565.01091008288	3750.4262240942	324686
5543.84791578601	3745.74527409294	324690
5591.58166684071	3741.56194341094	324700
5578.16346364209	3739.93848086691	324702
5556.66097200551	3738.86830448931	324707
5513.84453394302	3732.86659540889	324711
5503.93013683562	3711.02179786585	324750
5535.82356325065	3708.32813251554	324766
5569.79559566638	3706.9693037788	324767
5508.98458836139	3702.73567713338	324768
5544.36915081248	3706.6782767614	324770
5556.95645798808	3704.41223503868	324772
5517.60407831894	3703.61154561253	324774
5536.73613222227	3696.9607034088	324780
5563.83020136381	3693.32667218026	324784
5547.92703945921	3699.58099536124	324787
5518.53819115673	3689.67866954729	324791
5502.80898887612	3688.57809555328	324794
5512.68148362351	3691.0175382128	324798
5508.11893500184	3692.12400143569	324799
5549.00690825469	3686.37049427068	324800
5525.10113156091	3883.79530268455	325121
5511.22277219077	3881.75589056362	325122
5566.28404964296	3860.96668094929	325128
5501.94875834537	3798.13481129172	325158
5547.24915053275	3788.63960722996	325162
5582.47689760612	3765.26262992929	325176
5553.89874231122	3878.59586113444	353120
5579.93813568667	3869.97871347101	353148
5561.35552482821	3866.43865970551	353159
5554.92398675148	3854.75807498436	353183
5587.40694986354	3842.50344432647	353203
5577.81812820193	3842.85303307921	353207
5559.40273759536	3839.33389090754	353214
5568.5972294525	3817.40424078633	353260
5553.76251556401	3814.09540885225	353281
5586.54540951603	3802.98535556675	353302
5578.05027781675	3800.69194090213	353308
5569.37802966119	3794.57102557509	353313
5571.25126388336	3784.67133371526	353328
5564.65590467212	3756.77307603112	353409
5579.94192856535	3751.54341760422	353412
5556.03003130588	3743.9092279056	353440
5557.74700522299	3720.72098327438	353481
5578.96361793393	3719.03611527377	353487
5587.84202591057	3688.48709162067	353529
5569.70183424094	3835.82096677918	353999
5534.14916064132	3684.72269374193	324802
5527.86521518051	3676.3868835031	324817
5527.27928770128	3662.22037171553	324826
5548.76305835229	3672.07682199996	324827
5582.53943091335	3661.95233266848	324833
5542.01434111527	3666.57251082175	324835
5502.37919262692	3668.21258585256	324839
5516.15827994307	3666.30780514282	324844
5552.13634945998	3658.21268236032	324848
5520.09052402167	3662.42707103944	324851
5565.62077560297	3659.03803839959	324852
5559.82598787389	3647.30082721363	324859
5540.39446022206	3650.60574176057	324864
5501.5355239437	3654.04316283527	324870
5519.9144159051	3653.35974589878	324871
5504.87510713349	3646.30133915834	324872
5568.50291471575	3650.08219967035	324874
5524.43684563626	3646.72581121059	324877
5515.21188391955	3639.56206562013	324882
5546.7900076854	3639.45239690287	324883
5529.76724567103	3639.18985580022	324890
5535.68419867331	3634.42007610926	324893
5571.16566696995	3630.96942225185	324897
5518.75983654384	3628.45023975997	324908
5531.93749169389	3627.16085350452	324912
5536.58765485172	3618.27463136541	324922
5502.35450386486	3621.23955683932	324923
5559.45585232519	3619.52748880157	324926
5521.06936159603	3617.41077549456	324928
5549.74566400215	3614.53374066224	324935
5585.86778601579	3615.77606455297	324936
5560.72467847036	3606.10577892414	324948
5537.48102061861	3608.38824070483	324949
5547.01124691594	3607.09674877361	324950
5527.54326809736	3610.37416827527	324951
5517.50376697721	3604.94639941868	324952
5510.62618273539	3602.13841707858	324959
5552.2795065221	3597.0354689458	324961
5583.55207121915	3595.81078657736	324965
5527.79997869876	3591.98977358014	324971
5569.89876206574	3594.42480307183	324972
5538.96952820341	3586.09331444932	324986
5509.60888429813	3584.48037721762	324992
5546.10936924973	3588.0015713395	324993
5588.23756425404	3580.98877908724	325001
5548.53060066648	3576.7574680268	325011
5555.60385036697	3575.26178619006	325023
5555.78571465718	3565.49055964846	325032
5547.42810069567	3555.43493709488	325041
5559.07824574243	3551.7780236378	325049
5548.25003455832	3545.68164394496	325055
5585.22850504577	3542.99861718278	325058
5588.6720265727	3534.36149013519	325067
5576.02520080136	3526.30498875556	325072
5507.32747961033	3523.28032960357	325077
5557.31019323557	3526.05234488066	325079
5506.55379623961	3678.55415546636	325190
5513.19923227646	3654.99414826582	325195
5501.55429009505	3640.36800656668	325196
5554.6430033826	3634.92656231793	325199
5545.94186486241	3625.79673083253	325201
5538.87584340435	3599.54928545736	325205
5555.67531392603	3584.46703692509	325207
5589.05936103684	3571.81401807873	325213
5501.706739971	3548.19598679785	325217
5543.57822757439	3541.09022962718	325219
5575.0040358645	3684.49063034283	353524
5558.12531617181	3680.24504016692	353538
5586.83069069463	3646.29153808892	353644
5574.04100110345	3643.7478045106	353662
5567.65518732636	3638.93621407863	353673
5586.98477155908	3632.63582522519	353682
5562.25005510641	3636.01518026462	353685
5568.76464781176	3612.8716879836	353736
5581.7374635266	3606.70315233997	353756
5563.57006386717	3597.02619924275	353781
5561.80690025722	3587.57672898005	353803
5572.6237611496	3579.29878354391	353823
5559.94888419958	3578.12554046466	353829
5577.75668724183	3572.05932816981	353830
5581.74280853169	3558.06478343532	353837
5565.90738545608	3570.66700322616	353845
5573.30336981987	3547.18051188626	353873
5563.53570524226	3530.51865455276	353896
5569.8156904349	3586.86337861921	354103
5584.18398731012	3528.18629378452	354124
5503.38754815752	3566.19524704073	551733
5544.35094513512	3562.3043913782	551736
5576.09100503918	3514.47689425068	551790
5578.02326822576	3502.40997855073	551813
5559.25563709745	3501.37069231338	551821
5534.90914481964	3504.42687882182	552534
5561.51713991867	3558.0409846888	710632
5563.34106675819	3541.61681417931	710649
5582.10087281651	3536.54879184594	710661
5587.57150598922	3516.77508043192	710685
5560.07438021595	3513.16033264913	710689
5584.84750493136	3505.63129547896	710727
5596.51747536707	3680.97137530487	324795
5598.99501397345	3630.58733651336	324909
5594.38574098906	3620.69605151634	324931
5596.23041586922	3602.72625930526	324958
5600.74995584118	3579.70262391439	325010
5604.95554598079	3560.69444010786	325215
5753.72336546618	3687.80291413667	353550
5605.51885181787	3680.43574544952	353558
5718.88159029056	3684.83707257533	353559
5733.69247021718	3680.07353396372	353560
5694.26244120181	3675.79778461974	353561
5710.68721041468	3681.12427263049	353562
5793.62937558102	3686.96622022482	353563
5676.66990511654	3685.18707563105	353564
5783.20566279833	3679.57051199223	353565
5638.19523131358	3681.55301727571	353567
5619.11427400404	3680.46029254107	353574
5763.20305305596	3681.74268064856	353575
5651.97193727018	3680.88412087809	353579
5680.09624991072	3675.45312547906	353580
5621.86645761954	3665.38202519364	353592
5657.61981284772	3675.42416256906	353593
5637.96334710802	3670.18891561436	353596
5653.19780577667	3672.91561114719	353597
5752.27929958423	3669.34936507026	353598
5611.01870582732	3667.81284799979	353599
5669.86109253133	3666.08651030091	353600
5741.68299832445	3662.33472541839	353601
5679.73947059769	3666.84546508763	353602
5598.61688449456	3665.39811669717	353603
5726.17258165511	3668.24429201581	353605
5655.4760558755	3669.09963018525	353609
5709.29112700224	3663.08222499053	353612
5718.10164568165	3663.31667947609	353613
5760.6427792597	3658.9564942476	353616
5615.29163954387	3660.65785622848	353619
5788.68301432311	3660.14818371798	353620
5657.42598914195	3663.19472078018	353621
5696.04826845849	3657.43460057343	353622
5785.94990425173	3650.96953736707	353623
5700.10386468033	3659.96503434284	353624
5649.16193747194	3658.08619318952	353625
5665.4876676146	3654.80498211062	353626
5608.92782980372	3659.69432648537	353631
5627.73192083736	3654.87864350519	353632
5634.88506103226	3648.9710220131	353636
5778.74983265877	3655.36435403052	353637
5603.38014861894	3651.69618264625	353639
5718.07341202024	3652.94195528839	353643
5616.45079152699	3653.02303256792	353645
5716.57514922996	3644.89327253701	353648
5762.27243458772	3644.9040643285	353652
5699.42846066089	3644.08219996188	353653
5753.19806386896	3634.70256852267	353654
5771.77702555367	3643.31271487272	353659
5619.44265582204	3643.75183407516	353660
5665.64937774849	3643.93082008439	353665
5677.23572961885	3635.60513738484	353667
5629.24632916636	3634.39938205726	353671
5657.68358649275	3635.56727377037	353676
5647.03484232988	3630.15350067107	353678
5708.62767334264	3637.18582751996	353680
5665.57067948919	3633.39691815277	353681
5741.71878658959	3629.47214507906	353686
5790.41893915207	3634.23597106844	353691
5712.99339679502	3631.32212131849	353693
5777.65655885819	3629.73717946229	353697
5636.69256145195	3621.58280716656	353698
5729.58616080969	3623.51208770488	353699
5682.63479866832	3628.67607001594	353702
5618.17050752586	3625.12026720444	353704
5688.35637041237	3621.96945735564	353705
5601.51972635065	3626.04579361208	353708
5790.50871313174	3623.57290962859	353711
5716.9439997022	3618.72747040673	353713
5673.16771228429	3615.43154041228	353717
5696.92617781457	3621.63781316978	353718
5703.77610449844	3622.14805638561	353722
5753.25348684469	3619.01328315671	353723
5780.52523446951	3620.21738416202	353725
5763.7236231762	3613.36203908634	353730
5622.19379050254	3613.90958078366	353734
5776.44629075224	3615.81002351354	353737
5757.67912541858	3613.84514883509	353742
5742.18769876943	3609.70622921607	353744
5679.81505112886	3607.15273788163	353749
5597.11140721672	3611.70137479776	353750
5642.74600343215	3609.88042577571	353752
5716.44330320079	3606.74244242692	353753
5605.14458528463	3606.76566871104	353757
5652.36128353992	3602.40677924731	353762
5669.07571224599	3604.24566454414	353766
5755.98615439429	3602.73835005797	353768
5621.83521913498	3595.94380643617	353769
5639.67707294918	3599.26377139902	353770
5736.02397305042	3602.36651688377	353772
5703.2373267929	3595.48767885192	353775
5743.27932870098	3598.32596511276	353777
5662.65481268933	3599.76632580964	353782
5726.63391261922	3596.07587848756	353784
5677.51326367625	3596.50361764655	353786
5691.82393631089	3592.12191312236	353789
5601.56158992784	3590.32612843069	353790
5663.67167537664	3592.81890473567	353794
5715.3946165224	3586.50364120363	353797
5750.34082754176	3593.80649107833	353798
5676.47052702576	3584.4479594225	353806
5617.32807145216	3582.93035505345	353808
5727.78495745513	3585.3296584379	353810
5738.34524473805	3579.12864533875	353812
5654.56419563329	3578.23069089325	353817
5702.34227785774	3581.13026653856	353819
5695.08479446643	3581.26898355574	353822
5611.33375589687	3576.16054046146	353825
5647.6685381122	3575.86398110207	353831
5685.40653483009	3570.6516326211	353832
5604.63618504188	3570.60004433778	353833
5647.8300645257	3570.5112432689	353834
5697.32400011557	3575.296064714	353835
5705.84429308197	3575.31054419831	353840
5676.96153896186	3575.44999853613	353842
5665.24064134291	3572.37950647284	353844
5629.42271920432	3569.33994699363	353846
5754.37374891982	3574.43840697738	353848
5743.4194135882	3570.33552996097	353850
5729.13303832388	3561.4464504066	353855
5593.76518588696	3562.55062844716	353858
5652.1830248473	3563.03077571519	353859
5775.9470155353	3568.24949134221	353860
5614.11831083666	3566.13753673026	353861
5640.82310964729	3560.3714374789	353865
5772.73773541302	3564.16998907698	353867
5694.66308356313	3554.47960271409	353870
5682.65046499296	3555.60845476348	353872
5703.43255529019	3551.75976843078	353874
5762.40380811835	3549.88640453322	353876
5716.99138493261	3553.22767309045	353878
5789.76950078445	3544.04007007901	353882
5641.92222461001	3545.62809544116	353885
5687.71003508073	3539.22729733713	353887
5736.32489035082	3540.60694893118	353888
5629.71333442071	3539.12518823668	353889
5661.69454876622	3543.00169597133	353890
5654.89377283809	3540.03431004811	353893
5598.88065229749	3527.59104690584	353898
5679.05171326583	3530.90615893538	353899
5617.7861953672	3524.0973852293	353901
5749.05918726595	3530.566030732	353904
5631.68100930318	3529.02234162243	353905
5637.09576130472	3525.69555300344	353906
5656.98363599429	3521.62659591062	353907
5708.46966835967	3521.00470269581	353909
5786.67975884383	3523.6978067047	353910
5668.9186838225	3519.33285136587	353911
5605.37278041192	3519.0574748557	353913
5793.62761964196	3516.91190400504	353916
5685.36511300158	3684.36847648774	354054
5705.3425848342	3671.96133666227	354057
5765.36921887068	3670.57278681022	354058
5732.28563044562	3649.03202260755	354067
5652.51878881119	3649.57174438952	354068
5711.38221536495	3652.91578380247	354069
5742.9081011993	3647.21912478477	354071
5606.04740573634	3642.00677404796	354073
5612.92193142263	3635.40035082086	354075
5738.2837864603	3638.42631334791	354076
5723.69072963859	3635.10005078127	354078
5603.99039646604	3619.70514431081	354081
5661.7819132747	3618.27812158334	354083
5742.85877123634	3617.16932542264	354084
5696.20610595227	3611.06487728494	354085
5705.59872113474	3611.02332605914	354086
5656.25926225634	3609.05242517317	354087
5687.20600100947	3607.38719479577	354090
5618.06893380006	3605.88835345956	354092
5792.77386421205	3594.66804558422	354097
5652.40707395014	3590.44999372749	354099
5640.54037188214	3585.90777898782	354102
5629.41346498853	3581.97578744632	354106
5685.00727997226	3582.96785330709	354107
5662.78327663938	3581.80169584385	354108
5782.47869582447	3571.14080789392	354109
5670.47671149365	3564.80016128036	354110
5756.85226143	3556.98366762523	354111
5746.87974545948	3554.97415931022	354112
5712.8543203219	3544.42290560259	354116
5642.3068317942	3537.7419957797	354118
5696.42182166601	3536.39097559837	354120
5597.0645409307	3512.84556307699	551794
5694.79724265606	3566.3105089748	710612
5760.68674828225	3567.92374823207	710613
5767.13022614313	3562.89194575289	710620
5781.76408935762	3560.9507273399	710621
5775.38723292915	3552.34867474721	710627
5626.70330842017	3554.95985777952	710629
5597.8922917139	3552.23210977419	710630
5663.68734217768	3552.67771237742	710634
5641.39940702902	3551.8904930771	710636
5790.20154772453	3551.41573671286	710638
5672.98347443862	3548.45801930398	710640
5750.3774440567	3540.60397545587	710646
5777.85750247853	3537.27859548341	710650
5763.7957486481	3538.34618950195	710652
5596.36093160216	3541.43402674053	710653
5724.00528390557	3532.24201267222	710656
5793.7158780054	3538.02404443504	710657
5609.83284126769	3536.68953604402	710659
5667.54274826641	3532.47017972789	710660
5734.37631769625	3526.91118062548	710662
5784.42496531245	3529.99304465099	710666
5765.03697626685	3528.45353678154	710670
5690.66121511662	3527.72276813407	710671
5697.85215133218	3525.3419125024	710672
5757.91910346552	3529.59101425494	710674
5684.21263787621	3526.91272002867	710677
5772.68288523275	3527.62957800688	710679
5646.22624242954	3517.22418950494	710681
5747.84066914778	3519.65354855867	710682
5758.38212201014	3518.92573455128	710684
5772.18413288646	3520.00734026491	710686
5679.43878088166	3521.5714720215	710687
5721.17733729333	3522.05023047281	710691
5727.98487790306	3516.48482284388	710692
5714.60413182333	3514.12631131815	710698
5780.88978584788	3510.86795187775	710701
5684.55119092505	3512.52941205964	710702
5606.14663493918	3513.30052198745	710703
5739.59901840228	3509.64697949025	710704
5760.68453730743	3509.29898170047	710708
5622.94613534963	3508.50899564722	710712
5639.49200610616	3509.84266965474	710713
5609.31289803754	3509.323143186	710715
5614.18638835781	3507.41189928664	710716
5765.6478131063	3505.82296067143	710717
5652.66067658924	3505.17359132342	710719
5702.38162800657	3506.06640172926	710725
5597.80714512791	3504.68041970363	710726
5711.0875319158	3506.3379005573	710728
5693.75525474499	3503.53633567422	710730
5618.17333062963	3503.638364872	710731
5607.18535231224	3501.88615663724	710733
5781.15465949838	3502.55163691009	710734
5639.84977036986	3502.66155269191	710735
5715.85192652765	3501.83554214273	710739
5760.20432994287	3501.64101808046	710741
5709.8049315838	3502.15735206918	710742
5769.00441889877	3501.36274306922	710743
5729.44901523067	3501.4051562987	710744
5702.43106189552	3501.3515286109	710746
5618.192785031	3500.76565391454	710751
5705.81929975382	3566.45846025826	711756
5718.35000785397	3568.20116886528	711757
5794.09445633562	3565.75540783908	711758
5620.70346058309	3563.08205055279	711759
5715.65649233063	3560.3666643485	711760
5655.17900547959	3549.12270775891	711762
5649.68591716882	3543.96810729159	711764
5678.56740834793	3543.27710716096	711765
5666.89671373152	3543.10044739206	711766
5709.99409858801	3533.97069835587	711767
5651.3623001439	3532.77390752477	711768
5631.35022392671	3514.63261664923	711769
5694.37968766986	3514.10331156322	711770
5680.81063034554	3505.1764668651	711775
5770.39481908161	3506.92558594413	711777
5723.14045587275	3504.68336347875	711779
5750.10973484996	3503.66050485342	711780
5668.80372872121	3504.10080000054	711782
5734.3877583004	3503.42110916448	711784
5627.14626981523	3501.7119696129	711787
5994.26959420095	3686.0055549852	289918
5984.15196638066	3684.00292052388	289920
5988.83425349627	3652.63322669937	289996
5991.00523228387	3633.34046389282	290045
5990.00679381481	3608.74913040269	290085
5991.66379529127	3586.0309338227	290142
5992.89618827861	3565.52581377287	290181
5984.72523160655	3548.53876653341	290202
5991.23904594999	3677.98516758642	290381
5866.19772078035	3687.90520589407	353548
5967.96410806069	3689.43347487001	353553
5916.33000852407	3690.12572995727	353555
5928.14724417518	3689.14624551147	353556
5956.19795568352	3682.93805459245	353566
5875.42578184222	3681.10182404457	353568
5891.11866245388	3680.68748824869	353570
5927.7860894019	3682.59951467426	353571
5922.76467169549	3683.01050313365	353573
5915.73019291029	3683.79152969836	353576
5838.94490690557	3677.3025976983	353577
5899.43888621204	3675.51495245247	353581
5980.5850978326	3681.13177540608	353582
5797.66185912665	3676.32991119215	353583
5854.90445783287	3680.14419633045	353584
5938.1975822068	3679.87297304262	353585
5868.2884179889	3678.39573412319	353586
5917.16720480512	3676.72827431132	353587
5946.95518127327	3679.20714150206	353588
5931.76332823519	3673.27684234944	353590
5862.93246338956	3673.37857283383	353594
5943.22284766571	3669.41402793346	353595
5875.84385773281	3663.28726055564	353604
5907.20677038016	3665.28489031532	353606
5821.94024219379	3664.4440324548	353607
5833.13402332661	3664.28296070709	353608
5992.28923199939	3664.46124656579	353610
5837.11368903033	3668.42032520857	353611
5855.92983564454	3663.77632653805	353614
5972.0232719055	3660.79653112479	353615
5894.38135771524	3664.54977346821	353617
5863.17240377418	3661.1645241965	353618
5812.90999426661	3656.44217763304	353627
5935.59121795736	3658.37355305282	353628
5842.3438090382	3654.38304938805	353630
5871.51847248835	3656.58632748058	353634
5894.50103334863	3655.25613291145	353638
5903.40255130844	3653.65615235964	353640
5802.5747476213	3655.5454077996	353641
5861.26547456892	3653.13154223084	353642
5882.51444539991	3652.4054248306	353646
5917.82458254684	3648.15028017678	353650
5896.25909485785	3648.88051080615	353651
5857.87417281563	3645.28181334315	353655
5978.542132734	3646.12549357608	353656
5942.09482550529	3644.655159368	353657
5995.41485558474	3645.00013924972	353658
5953.41982297177	3643.82261911628	353663
5984.42246031845	3645.17303826268	353664
5846.1636459872	3641.67882591638	353666
5907.00895796163	3642.30754058766	353668
5962.28926558813	3637.91765574908	353669
5982.21088305691	3639.07082668694	353670
5921.18963917925	3638.24150586464	353672
5935.2289322933	3639.65528827865	353674
5858.16146492318	3634.5379977576	353677
5949.95441700355	3638.09447381069	353679
5898.75818633737	3633.71393758355	353683
5927.13015203377	3630.51827937497	353684
5907.42269743579	3631.01167768076	353687
5969.96656872353	3635.76854942113	353688
5940.45573490509	3631.67041586434	353690
5948.31360800206	3630.55855183467	353692
5975.53381747332	3634.2380022215	353694
5796.24724717499	3629.24784163496	353695
5884.78030496548	3626.81801680606	353700
5971.52994990955	3626.35180318938	353701
5963.61519144153	3624.90957760807	353703
5951.91822479623	3624.98621381931	353706
5982.68482350849	3624.77719334789	353707
5863.60908859411	3624.62550284121	353709
5990.00643956572	3618.54998161179	353710
5910.31217450311	3622.46914481672	353715
5833.1603139834	3622.07242062199	353716
5854.0125293205	3622.43942016836	353719
5874.20206024927	3623.51563430023	353720
5929.5003072874	3621.49640803941	353721
5941.43698299866	3618.4541608058	353726
5891.8734430428	3619.15339980039	353727
5920.42520528775	3617.09098381282	353728
5976.07030113548	3618.12900389395	353729
5876.57060931817	3614.27269150942	353731
5863.66576826958	3614.50528841619	353733
5822.55543005217	3616.19644615979	353735
5909.92861580109	3613.0585322292	353740
5934.60207582601	3611.67214021372	353741
5972.57738309772	3611.90099236904	353746
5952.04002031624	3615.1083571867	353747
5887.37922464308	3612.68132858711	353751
5855.0095075613	3609.46808724247	353755
5834.19211439267	3607.97489238484	353758
5922.34090245687	3609.06496179291	353760
5890.53012162554	3603.08485411825	353761
5797.45802241798	3602.99817808226	353763
5862.84379006337	3604.06670353054	353764
5913.68465341954	3599.7719390346	353765
5976.19384323319	3602.7900652424	353767
5963.52798544209	3604.49063578345	353771
5935.19547020788	3601.59430269917	353773
5985.0848834981	3599.19759256309	353776
5962.7086773981	3600.05743516201	353778
5887.36651272643	3592.07970937578	353779
5813.8573481528	3597.08628931899	353780
5861.34829097499	3596.90278915089	353783
5898.83246202156	3597.66310341284	353785
5897.81780280915	3589.7449804508	353788
5969.19904853075	3594.03122302182	353791
5959.41643167491	3594.33742526866	353793
5986.35885837484	3592.25069776028	353795
5951.1111337654	3594.22095157661	353796
5880.92154413972	3591.92997684778	353799
5900.6433790005	3582.76792490179	353800
5923.37820643381	3588.43642471537	353802
5913.88768463897	3589.54172317644	353804
5949.55262378988	3586.96267613679	353805
5877.74708291724	3584.68085103345	353807
5961.5784982708	3583.15776692867	353809
5909.32565886429	3579.41713207778	353811
5885.79343598182	3578.2149510585	353813
5915.48822803295	3579.01470846586	353815
5926.06230756795	3581.78010380734	353818
5813.36006124329	3579.39324549717	353820
5934.80538311059	3578.66432686913	353826
5877.32226472484	3578.39521328826	353827
5973.78734618145	3577.82657021099	353828
5925.53607680394	3568.37059326677	353838
5992.91387711666	3574.56028438161	353839
5982.43310135096	3574.54968765735	353841
5941.77626566865	3568.59378788711	353843
5899.46612382216	3565.25221010042	353847
5874.49127317265	3572.54942891654	353849
5805.5123451192	3571.899942264	353851
5893.31294907748	3571.57376247903	353852
5796.88018469925	3571.29088231238	353853
5954.6465605419	3570.82210967721	353854
5886.85621128693	3566.89226079658	353856
5878.02473410763	3560.45118384654	353857
5864.34681018844	3564.26397342064	353862
5963.17630504002	3565.41772672459	353864
5952.83234722767	3564.09571090524	353866
5795.38946535559	3561.62637998437	353868
5854.00650181319	3559.98758180924	353869
5868.92829333323	3551.7209327914	353871
5801.8221421919	3547.56500682125	353875
5811.77882288535	3555.51522640281	353877
5906.49505388774	3555.0180797025	353879
5931.46234957888	3548.38439795515	353880
5975.98989648835	3544.60483171054	353881
5899.14261084289	3547.03397607831	353883
5828.54472905337	3541.2535826229	353884
5817.54601458773	3540.59294507537	353886
5836.87691464973	3537.16134652215	353891
5930.62563452557	3537.15287560701	353892
5900.42225981519	3537.15222897759	353894
5939.77620036526	3538.12767116433	353895
5803.03192664545	3533.20412223897	353897
5846.58526011747	3532.24238366366	353900
5913.89528050431	3526.75215944171	353902
5825.58756918102	3529.77981193677	353903
5968.02105127882	3521.77379833795	353908
5858.47099359759	3519.51773341369	353912
5953.91182910163	3521.51218129922	353914
5839.05369790758	3520.45343558783	353915
5912.08345385822	3518.9547667197	353917
5840.70208031965	3515.10655686358	353918
5885.72290322731	3686.48560631096	354055
5944.05636054312	3686.03450877181	354056
5883.86768344434	3670.85091226869	354059
5854.55323266051	3670.97334072552	354060
5979.02668191685	3669.62475709756	354061
5956.086784904	3664.225344744	354062
5923.50406426368	3665.69181511616	354063
5806.52359011997	3665.86406539359	354064
5921.39510041114	3654.44110494728	354065
5940.427573148	3651.65001617633	354066
5966.89339155335	3650.35364527887	354070
5874.14975323759	3645.88988691069	354072
5887.97102583027	3640.93998630284	354074
5870.50236385521	3634.89472240029	354077
5893.65330107417	3631.0640691045	354080
5812.09616046738	3621.12980602633	354082
5900.17103714893	3609.40676860279	354088
5960.31811819184	3612.1579290049	354089
5947.70750500674	3610.85094924165	354091
5875.39507051906	3603.17896392113	354093
5926.67858353477	3603.2730148827	354094
5871.79969545129	3591.78528235131	354098
5842.71400103056	3591.41819567037	354100
5803.27013010909	3586.96698717304	354104
5845.01890621834	3586.75876803037	354105
5945.00096637417	3552.2866085471	354113
5859.56523704366	3547.42578792346	354114
5835.07896391729	3547.89489047091	354115
5878.45086000353	3542.72196742355	354117
5857.59348313807	3537.59854941935	354119
5873.2555524149	3533.24363485341	354121
5932.16640096501	3529.33341148882	354123
5813.11177136716	3524.4397906797	354125
5800.8498910598	3522.63765325679	354126
5943.59140511763	3522.77431170342	354127
5986.53548854208	3541.00338066238	707116
5994.14043887361	3516.59554682286	707141
5910.77577314709	3564.06615393621	710615
5982.58889700492	3560.84244069246	710617
5827.71159083825	3559.94322318844	710622
5971.30426995499	3558.05584656424	710623
5960.76075219199	3555.02772096597	710624
5918.11096898363	3554.24782159044	710625
5795.27437381023	3556.93637683777	710631
5893.15053390734	3554.7051644255	710633
5845.57399794412	3544.13919351458	710635
5822.6759675058	3553.35558526106	710637
5810.94930869136	3548.44180245719	710639
5962.59055714554	3548.40548970171	710641
5913.25905156051	3546.64843626761	710642
5967.94543272307	3546.77743580271	710644
5887.315794364	3541.10925695144	710645
5949.47285549178	3545.65813423379	710647
5916.44779265068	3539.40608308403	710648
5910.24956644401	3539.03209361376	710651
5965.80355327341	3536.60256918135	710655
5949.27238930249	3538.86318612264	710658
5955.13555846072	3529.74296412632	710663
5990.47830362078	3531.26144817543	710664
5943.80034485058	3531.70607513012	710665
5893.10739671209	3529.41229909741	710667
5983.54212349682	3524.51964175826	710669
5832.56618269168	3529.61708867838	710673
5857.49951881739	3527.39147408976	710675
5928.95005339722	3525.96329414519	710676
5871.50184925995	3522.99034315809	710678
5934.56102022729	3525.58915384348	710680
5887.41246607436	3521.76768415161	710683
5846.9920986476	3520.71248622055	710688
5876.626277587	3510.82427912885	710690
5831.68700562423	3517.36264460542	710693
5894.96367088259	3511.51982707066	710694
5921.69529138945	3513.234242382	710695
5900.05347670925	3518.04794675969	710696
5933.34109954253	3514.44135298871	710697
5950.73731458979	3514.69121160189	710699
5983.5847914797	3513.57034312701	710700
5851.83359056713	3513.57360777122	710705
5907.05273174081	3515.21752501817	710706
5844.38547704744	3510.12161660123	710707
5964.83472533405	3508.67080478767	710709
5838.37174022583	3510.33794990432	710710
5901.89824687201	3506.47125842337	710714
5978.16831130097	3508.16002569855	710718
5833.72370383546	3504.02395720564	710720
5935.31074675875	3504.59419475148	710721
5857.59395760187	3503.29867461532	710722
5927.61432242059	3504.66334546843	710723
5987.21823144843	3506.68315592844	710724
5839.74781057145	3503.10890225317	710732
5844.21996866818	3501.76220025059	710736
5895.0110535334	3504.08713417316	710737
5993.65594248514	3502.90027456434	710738
5961.17595048369	3501.24507945878	710740
5871.62761656861	3500.9735856834	710747
5794.87508450221	3500.94804264161	710749
5904.57230989775	3500.67083726446	710750
5952.60333851433	3557.84475473056	711761
5994.36715356127	3548.52869604859	711763
5818.28554608324	3511.95089873166	711771
5886.35548843102	3510.76048865264	711772
5863.64316969318	3509.70528516571	711773
5800.91437665216	3507.50769508306	711774
5825.95113759367	3505.58669732905	711776
5912.08813859152	3504.42121442473	711778
5848.18990448582	3505.47643335202	711781
5949.53191078827	3503.21672740363	711783
5808.23356746211	3502.31116669094	711785
5982.78951853188	3501.88432328264	711786
5885.39324875011	3500.69707994718	711789
5997.75796806312	3668.53951440121	289973
5995.54011351892	3629.86819386052	290046
5997.88804828493	3622.4738842555	290060
5996.41045927655	3596.92270206848	290104
5998.85052956861	3567.57930821577	290182
5997.9757859891	3555.91111734909	290432
5996.83302153496	3654.39983889273	353629
5998.70297271843	3647.2908201645	353661
5995.13951547281	3637.60154284479	353675
5995.63525229788	3607.56175324073	353754
5998.79428987201	3520.16986413324	707137
5996.56798112123	3537.62752685599	710654
5999.43294785996	3526.45636069266	710668
5995.95343332986	3508.31174471438	710711
5895.69803231722	3501.31492511719	710745
