153 3
152 1
165 1
168 3
160 1
167 6
364 1
429 2
188 2
242 1
12 2
13 3
113 5
138 1
325 1
434 2
391 1
403 3
243 5
244 1
281 2
299 6
186 3
384 2
14 4
47 6
344 6
382 4
275 2
273 4
33 2
41 7
274 1
443 3
212 6
272 1
439 5
81 2
73 1
453 4
452 2
333 2
348 1
31 1
451 2
335 1
346 6
343 3
363 5
39 5
40 6
200 2
210 4
375 1
374 3
102 2
459 4
236 1
45 1
467 3
320 1
319 2
262 1
445 2
381 1
414 2
390 4
119 4
123 3
87 6
214 1
253 2
339 1
54 1
64 2
234 1
252 3
122 1
463 2
166 2
352 4
354 2
173 2
175 4
117 3
464 1
309 2
438 1
187 6
240 1
75 2
78 3
157 3
171 1
428 1
406 2
388 2
387 5
206 4
201 1
322 1
353 3
411 1
425 3
95 2
209 1
147 2
162 2
176 6
324 2
431 3
465 5
259 3
436 1
437 8
345 4
84 4
456 2
427 2
55 3
56 2
267 2
318 5
220 1
226 4
370 1
326 4
328 5
373 8
372 6
232 6
229 5
36 1
121 4
120 6
59 4
76 4
77 6
126 5
127 1
392 4
396 2
303 2
440 1
404 5
376 3
177 1
178 3
118 7
287 5
288 1
241 4
255 7
4 1
25 3
433 6
30 2
283 1
291 1
399 1
401 3
112 2
97 6
156 2
174 4
230 3
246 2
306 3
317 1
202 3
205 2
128 2
134 4
130 3
66 1
457 2
192 1
194 2
249 3
331 4
359 3
418 3
125 4
135 5
24 4
158 5
334 7
18 2
26 3
337 1
338 4
308 5
393 2
270 4
140 1
103 6
139 4
263 2
298 3
3 5
2 2
11 3
305 6
314 5
332 1
407 3
37 3
292 3
269 2
96 3
116 5
311 3
251 6
342 5
143 3
15 2
199 3
213 5
101 1
316 3
129 7
115 1
426 6
68 4
71 3
34 3
450 4
82 1
261 4
260 5
110 1
146 3
92 1
151 2
356 6
161 5
369 4
16 1
27 4
5 6
23 2
215 3
398 4
224 1
365 2
413 3
43 1
468 6
389 5
412 4
133 7
98 4
131 7
163 4
237 4
90 1
296 3
150 3
170 6
368 5
50 2
285 3
268 4
266 7
405 6
357 4
360 5
361 7
223 2
313 7
60 6
449 5
197 5
198 4
69 5
94 5
142 1
111 8
141 6
233 2
17 5
294 5
383 3
395 5
380 6
447 3
172 4
1 1
7 3
444 4
208 5
415 7
145 4
371 4
189 4
448 3
124 2
89 2
204 4
74 6
182 3
193 6
58 5
466 8
8 5
469 4
312 6
196 3
191 4
22 6
20 5
282 4
79 4
114 3
85 6
154 2
62 6
277 5
351 5
435 4
63 4
185 6
290 3
446 2
400 5
358 7
247 5
248 6
402 6
164 5
330 5
321 2
231 4
323 5
99 2
286 5
86 7
238 6
245 5
278 1
250 7
61 5
239 7
44 7
257 3
258 6
49 6
349 6
218 4
408 6
409 5
315 6
417 4
203 5
211 1
136 8
422 2
421 1
137 6
377 7
216 5
159 7
181 5
195 6
295 6
355 8
190 7
149 5
46 2
53 7
293 7
42 4
350 4
271 5
207 6
301 1
460 1
462 2
148 6
424 7
284 4
235 7
21 4
394 7
256 5
327 7
432 8
254 5
340 7
310 7
144 5
386 4
454 1
461 4
297 5
307 4
336 2
362 8
10 5
385 6
366 8
222 3
52 4
29 3
279 5
304 7
341 4
289 5
219 6
83 3
183 5
155 7
367 2
227 7
419 7
32 6
179 6
410 3
169 4
430 4
184 7
228 2
80 5
57 6
180 7
6 7
35 7
217 3
72 2
347 8
100 3
108 1
265 4
442 3
65 6
91 3
397 8
28 7
104 5
423 6
416 7
132 8
378 5
379 8
38 7
19 7
276 6
441 7
48 4
70 6
329 8
51 6
88 7
107 5
221 5
455 4
264 6
300 4
106 6
105 3
67 7
420 5
9 6
302 6
109 7
93 7
280 7
225 8
470 7
458 6
