859 1
777 4
675 1
1242 2
365 1
366 3
652 1
693 2
918 1
943 7
17 1
22 2
498 1
499 2
586 3
591 1
1240 3
1241 1
157 1
535 2
350 4
487 1
624 4
1425 1
214 2
253 1
771 1
1390 2
1584 1
1585 6
293 1
292 5
914 1
915 5
455 1
466 3
444 1
443 2
29 1
33 2
1145 1
1146 2
1150 1
1369 3
261 1
263 2
685 1
1259 2
170 1
1428 2
168 2
610 7
471 1
474 2
1199 1
1310 4
795 1
1396 2
245 2
249 6
1483 1
1504 2
617 1
618 3
1127 2
1339 1
1298 1
1300 2
1011 2
1016 1
1071 5
1074 1
835 2
844 3
153 3
4 4
6 1
180 1
270 4
885 2
1389 6
98 6
1567 2
1520 1
1521 2
248 3
772 2
482 1
507 3
1337 4
386 1
387 2
11 5
13 1
37 1
1474 2
50 2
1512 1
1130 2
1143 5
131 1
402 2
510 1
1407 4
1221 3
1219 1
85 1
1527 2
829 1
932 2
1518 2
1524 3
1480 2
1478 3
902 5
904 1
1563 1
1566 3
113 4
118 1
44 2
478 1
479 3
234 1
240 6
21 3
35 1
124 1
126 6
1124 1
1163 3
208 2
191 1
1295 1
1296 2
1511 6
1490 3
775 3
782 1
787 4
1206 3
1200 2
75 1
321 2
901 1
1141 1
1132 3
866 1
929 2
1479 4
1488 6
116 2
1588 3
476 6
702 1
701 2
1161 1
1349 2
1003 1
1005 3
1059 1
1213 6
139 6
1440 2
112 1
1577 2
966 1
974 7
357 1
472 2
1099 1
1101 4
397 1
398 3
361 3
449 1
545 1
1433 2
988 3
1224 4
84 5
156 3
1442 6
760 1
762 2
480 5
876 1
919 2
1267 1
1287 5
456 2
1505 4
1044 5
295 1
300 3
1088 2
1186 3
422 1
526 3
748 5
1403 1
1271 2
1276 1
786 2
1441 5
1329 2
1330 5
856 3
855 2
920 5
923 4
650 1
649 3
1081 2
1203 4
1104 2
1106 1
136 2
401 4
843 1
1110 2
821 1
1395 2
722 6
1419 1
1043 1
1217 3
1119 1
1362 2
603 2
1385 3
47 1
54 2
1194 2
1195 1
430 2
517 4
905 3
1064 1
1075 2
1134 1
1138 2
226 1
242 2
925 5
183 1
197 2
233 2
232 4
475 3
477 4
1038 2
1377 5
102 5
114 1
1484 3
926 2
940 3
311 2
1517 1
163 1
164 3
399 2
407 1
1249 1
1250 2
115 7
122 6
329 2
332 1
862 1
864 5
513 1
759 3
1292 4
1299 3
614 1
621 2
917 2
1096 1
1032 3
1378 1
40 4
1509 1
1204 1
1476 1
1495 3
648 1
665 3
1499 2
578 1
580 3
939 1
880 2
881 3
542 1
541 3
684 6
1230 4
1061 3
1062 2
1012 4
1010 1
260 2
1542 1
272 7
805 1
827 2
174 1
409 3
309 1
314 3
548 1
583 2
683 2
1037 3
991 1
1023 2
342 2
349 3
378 4
380 2
906 2
239 3
780 5
817 1
924 3
221 3
229 2
379 3
287 1
1579 3
504 1
1400 3
1266 2
1286 3
681 5
1322 3
883 1
630 2
606 5
1131 6
1372 2
277 1
1448 2
627 3
626 5
989 1
990 3
692 3
1380 1
1381 2
755 5
946 1
1135 6
1345 1
1358 3
1373 5
323 2
87 3
768 3
774 4
632 1
641 3
766 1
879 5
599 4
193 6
806 3
847 2
481 2
1067 2
1288 3
491 3
490 1
1458 2
1121 2
1344 3
633 2
1423 1
1547 1
1557 5
560 1
564 4
1205 5
978 1
1324 6
1183 1
83 4
1306 3
1311 6
1073 7
718 3
723 2
1027 1
1053 3
135 1
404 3
980 3
981 1
1035 1
1079 2
210 6
255 3
151 4
42 1
1492 2
305 1
308 2
1252 2
1254 4
810 2
809 1
150 6
167 5
611 3
1095 3
247 5
290 1
730 6
1418 2
1178 1
1312 2
1114 3
638 3
646 2
376 2
434 1
698 4
568 3
567 1
569 2
570 3
1411 4
590 4
715 2
1285 6
1284 4
1009 3
1020 2
367 2
369 1
745 2
764 4
1496 2
1497 3
676 2
1245 1
41 2
1506 5
94 3
93 2
285 5
388 3
886 3
897 4
389 6
1445 1
1120 5
179 2
178 3
1065 3
1080 4
671 7
1246 3
264 4
71 2
751 2
1129 6
370 7
436 2
1210 2
1293 1
1503 4
297 1
298 2
1457 1
666 6
1243 5
1102 3
1144 4
1128 3
1335 5
129 3
128 2
207 3
1152 2
1156 6
61 3
66 1
1340 2
608 1
607 4
74 4
322 3
544 3
1432 4
96 3
1562 4
731 1
739 4
516 1
515 3
581 2
573 7
572 1
679 1
680 2
140 3
1459 1
334 4
117 4
203 1
181 4
837 3
326 1
328 3
699 2
1350 3
1356 7
414 1
416 3
211 1
1561 4
711 2
710 5
1320 4
215 4
1555 1
815 3
819 1
1550 1
1554 2
1232 2
1233 3
241 1
832 1
834 4
1508 5
788 7
1316 2
1317 4
969 3
934 1
927 4
911 3
913 2
1290 4
1301 1
909 4
1048 1
1223 2
279 1
395 3
1323 5
1055 1
1057 4
598 6
1431 3
625 2
1170 1
530 2
533 3
1391 5
660 2
930 5
1052 6
1051 2
353 3
355 2
1225 1
1261 2
186 3
192 5
101 2
563 2
750 4
628 8
65 2
1534 4
268 3
1123 5
1162 2
688 5
46 4
1536 3
1024 4
1558 3
738 1
742 2
756 1
899 3
954 1
1546 3
216 3
218 5
1171 6
1077 3
597 2
830 5
822 2
88 4
1582 2
523 2
331 3
1462 4
1172 5
1108 5
1548 4
561 5
267 2
204 4
205 3
306 2
1227 4
1228 3
165 4
166 8
942 4
803 3
1393 4
312 1
315 2
20 6
36 4
224 7
1274 1
1275 5
797 2
796 3
1190 3
1355 1
103 1
1572 3
831 4
846 5
1486 4
175 2
531 6
813 4
1443 2
514 6
81 4
299 6
647 4
347 5
669 1
670 4
51 3
653 4
1291 5
2 8
8 4
1581 3
852 3
1491 5
1247 4
348 6
1046 1
1263 2
206 5
554 1
1414 5
961 1
1002 4
1098 5
703 5
725 3
726 1
1543 6
419 1
1402 4
313 4
137 1
138 4
18 3
743 4
783 2
1427 6
532 5
972 4
975 2
107 2
1573 1
286 6
383 2
540 1
91 2
1556 3
616 2
111 4
873 7
1449 3
634 4
898 5
495 3
740 3
316 3
527 6
687 3
944 6
1333 4
833 2
849 6
882 4
301 4
281 2
394 4
818 4
1272 3
1251 1
1253 5
840 1
841 2
1248 3
1159 2
1160 4
1308 3
1421 2
1489 5
1446 2
23 1
1139 3
1149 2
716 4
1422 1
294 5
1384 4
485 2
1022 6
459 3
749 6
735 3
734 5
1028 2
339 1
354 6
400 5
1214 2
1100 2
106 4
600 1
664 2
49 5
1072 3
658 7
25 3
24 5
1239 5
1154 4
1155 3
893 4
1001 2
1426 3
90 4
1553 5
1177 4
1090 4
503 3
1453 4
801 3
894 3
119 5
123 3
130 7
1281 1
244 5
19 5
427 4
1494 7
1475 8
571 6
629 5
1570 2
64 4
552 3
304 6
1471 7
984 7
1237 1
1085 2
1174 4
536 4
802 6
804 5
936 2
937 5
708 3
982 5
1056 3
1049 3
916 3
922 1
761 8
851 1
931 4
1021 3
143 5
145 1
382 3
384 4
307 5
425 2
423 4
1430 3
1321 7
1216 4
1302 6
746 4
1404 5
1262 5
1116 3
58 1
494 7
732 5
733 6
824 4
661 4
668 5
997 2
1375 3
938 4
1103 6
816 6
1397 5
1351 1
1354 5
53 5
758 4
194 4
1279 3
1278 5
1461 2
601 4
236 1
1538 6
68 2
69 4
686 6
1510 3
184 7
1234 6
985 1
1092 4
1151 5
1338 3
543 5
587 1
187 4
1147 5
360 2
453 1
1215 3
473 6
235 6
1447 4
362 4
657 2
689 6
486 4
1454 1
553 2
1429 5
1309 1
1392 5
1187 2
1188 1
674 4
534 4
539 6
1410 6
550 1
1591 4
622 5
15 7
31 3
903 7
1327 2
338 6
1142 4
1082 3
1181 1
1256 4
1014 2
1465 1
9 1
1084 7
1367 3
392 2
415 4
320 4
446 5
176 1
1264 3
1314 5
30 2
1000 3
973 6
67 3
562 7
127 7
258 1
452 3
951 4
950 3
59 2
79 3
319 7
1467 5
546 3
1434 5
1387 4
7 5
442 6
619 4
1360 1
604 4
605 2
637 5
1399 4
1574 5
1328 4
405 5
1157 1
595 2
80 1
302 5
190 2
3 6
1501 7
95 5
195 2
1379 4
741 4
695 2
584 4
861 4
440 4
461 1
592 3
432 4
1487 7
636 6
1424 7
1218 5
1045 4
705 6
262 3
291 2
720 5
26 4
341 5
406 7
1231 6
1277 4
274 1
949 2
1371 5
956 4
238 4
631 4
696 5
792 3
793 4
144 4
146 3
410 2
418 4
1031 5
252 4
251 3
1193 5
1017 3
1526 3
1525 5
38 3
327 6
231 3
1164 4
737 6
889 5
1420 3
435 3
1481 1
1522 3
976 3
1412 1
1258 1
60 4
1531 6
651 4
1352 6
1066 5
1368 6
799 5
512 3
752 5
857 2
160 1
162 5
612 5
609 6
971 7
1168 5
977 4
992 2
960 6
1004 2
729 1
1238 3
393 3
1551 5
557 6
993 5
1270 7
86 4
1113 6
1374 5
196 6
283 5
497 4
1405 7
55 4
589 5
1013 5
330 4
448 5
385 6
1034 4
437 4
438 5
970 5
565 3
368 5
707 6
1269 4
133 4
177 2
994 6
995 3
1211 7
1297 6
158 3
1535 7
359 5
1076 6
1189 4
1332 1
1514 5
1416 3
364 5
1025 5
1549 7
1564 3
1565 4
43 5
32 6
825 3
848 7
1176 5
278 4
1222 5
1107 2
1359 4
1364 5
256 2
257 4
1450 3
713 4
712 1
941 6
1388 4
439 3
1460 6
169 5
1015 6
582 1
585 2
202 5
672 6
999 1
996 5
1455 5
623 6
318 2
912 4
921 3
1229 7
1207 4
1464 6
1173 6
987 2
371 1
1463 4
237 5
721 4
865 2
1182 4
506 4
1493 6
778 5
566 6
56 5
213 6
933 3
697 5
690 2
678 6
1346 3
1357 5
1575 4
754 2
1406 3
588 6
836 4
935 5
421 3
529 6
794 4
986 6
555 2
97 4
850 6
1244 4
317 5
489 6
185 5
860 5
1519 6
463 2
1539 7
868 1
70 5
1507 3
639 4
149 2
1019 4
120 2
403 5
1063 5
643 1
273 4
1069 4
900 2
953 6
1516 5
1033 2
1529 6
1530 7
333 5
1165 5
209 5
1260 5
57 4
1482 8
575 3
574 4
1184 4
1470 1
219 4
753 6
556 4
747 6
289 5
1540 4
222 5
952 7
155 2
500 1
798 6
1105 6
265 5
776 1
838 4
243 5
1 2
1112 4
1342 6
1586 3
502 5
225 6
593 4
594 5
121 7
1589 8
635 8
808 7
259 6
266 3
1192 3
642 7
964 3
714 5
1094 4
1097 7
1029 5
800 6
700 4
310 4
1533 6
1532 5
1042 5
188 1
198 7
1498 5
1545 5
645 5
1140 5
45 3
1255 6
807 6
662 7
173 4
1437 5
375 3
431 5
528 2
1468 6
1136 4
839 6
1341 5
1366 6
337 2
1541 5
1265 7
141 5
148 1
450 5
955 3
842 5
34 4
895 5
344 3
1169 6
1343 1
412 1
82 7
250 7
212 5
1235 1
483 3
484 7
522 3
549 5
1268 2
1472 3
896 2
1126 3
963 4
826 7
1282 6
429 6
428 3
374 4
271 6
454 4
346 4
1133 6
863 6
736 7
296 5
1083 6
890 1
524 3
769 6
853 5
356 4
470 5
1353 7
1122 6
1466 6
1500 7
962 5
947 3
1054 2
408 5
1212 4
1089 5
1325 6
558 5
1050 4
779 7
1209 6
1294 5
957 6
1382 5
1502 1
579 2
1473 5
325 2
447 3
1304 3
1280 7
958 4
269 5
275 4
654 3
655 4
1093 6
1007 4
89 6
656 5
691 1
1197 2
1313 6
1137 5
1438 3
1576 7
1578 5
282 6
888 2
1236 7
577 5
682 4
1091 3
615 3
28 5
464 6
1409 1
200 2
1583 4
488 3
1257 7
1436 4
518 1
1452 5
1148 7
979 4
677 7
1273 8
1283 8
704 7
345 5
493 6
1180 7
719 2
1408 5
134 6
27 2
276 6
496 7
773 7
959 2
14 6
789 2
765 3
744 5
182 6
72 5
508 2
877 6
908 5
227 7
228 8
142 6
1376 6
390 4
1528 8
254 6
1361 6
1347 4
770 7
521 4
559 7
343 6
505 6
12 7
1515 4
1336 7
288 6
706 7
620 7
125 3
62 1
907 6
910 7
948 4
230 8
884 7
223 8
377 6
373 3
411 5
1166 6
1060 4
1413 7
874 3
1196 7
457 3
1456 5
1326 4
1026 6
875 4
814 7
1307 5
945 7
1058 6
1580 6
189 3
462 4
1451 5
576 6
1590 3
1415 5
1513 6
1008 5
1030 4
1086 5
1153 1
1185 6
728 6
100 7
147 2
767 4
1334 7
1383 5
199 6
878 8
1179 2
1208 2
812 7
1417 6
820 3
352 1
501 6
73 1
1444 5
1552 7
63 7
724 5
928 6
39 6
790 6
519 2
511 7
152 7
1226 6
1435 4
1109 6
105 6
673 7
757 8
460 5
967 6
372 5
420 5
1289 5
1523 7
784 6
520 5
469 6
525 5
1070 5
1587 7
763 7
441 7
1485 8
154 8
417 6
845 7
5 8
465 5
1041 1
870 6
108 8
351 3
1537 6
424 1
76 4
823 5
161 6
99 5
1115 5
1365 7
613 8
892 5
1398 7
1315 6
887 6
891 4
867 4
78 5
413 6
391 7
280 5
396 2
77 6
1006 1
426 1
1305 6
363 6
1068 6
640 6
659 5
340 6
998 6
492 7
1560 1
16 2
1018 6
537 5
551 6
694 7
1401 5
335 2
458 6
324 6
1386 4
1039 3
1040 5
1036 2
1078 6
509 7
1303 7
381 4
547 6
217 6
602 5
1117 2
451 6
92 6
171 5
172 6
109 7
201 7
871 3
663 3
433 7
445 7
1318 3
284 7
303 7
1363 7
1370 1
596 7
1571 1
854 7
468 3
467 7
1569 6
1175 7
828 7
336 5
1319 5
1158 7
1439 7
872 6
781 7
1201 6
1198 7
1118 7
10 4
1469 3
791 8
1191 7
220 7
1047 3
48 6
159 7
1111 7
644 6
811 6
104 7
1559 7
727 5
1331 6
1348 7
869 5
246 4
1568 7
1087 1
717 6
110 8
709 7
1125 6
1167 3
858 7
968 7
1477 8
1544 6
1394 5
667 7
1220 5
965 2
132 7
785 1
358 6
983 6
538 1
1202 5
52 7
