859 777
675 1242
365 366
652 693
918 943
17 22
498 499
586 591
1240 1241
157 535
350 487
624 1425
214 253
771 1390
1584 1585
293 292
914 915
455 466
444 443
29 33
1145 1146
1150 1369
261 263
685 1259
170 1428
168 610
471 474
1199 1310
795 1396
245 249
1483 1504
617 618
1127 1339
1298 1300
1011 1016
1071 1074
835 844
153 170
4 6
180 270
885 1389
98 1567
1520 1521
248 293
772 771
482 507
1337 1339
386 387
11 13
37 1474
50 1512
1130 1143
131 402
510 1407
1221 1219
85 1527
829 932
1518 1524
1480 1478
902 904
1563 1566
113 118
44 1512
478 479
234 240
21 35
124 126
1124 1163
208 191
1295 1296
1511 1490
771 775
782 787
1206 1200
75 321
902 901
1141 1132
866 929
1479 1488
116 1588
476 479
702 701
1161 1349
1003 1005
1059 1213
139 1440
112 1577
966 974
357 472
1099 1101
397 398
361 449
545 1433
988 1224
84 85
156 1442
760 762
479 480
876 919
1267 1287
456 466
1505 1504
1044 1267
295 300
1088 1186
422 526
748 1403
1271 1276
786 795
1441 1442
1329 1330
856 855
920 923
650 649
1081 1203
1104 1106
136 401
843 1110
821 1395
722 1419
1043 1217
1119 1362
603 1385
47 54
1194 1195
430 517
772 905
1064 1075
1134 1138
226 242
925 943
183 197
233 232
475 477
1038 1377
102 114
1483 1484
926 940
311 1517
163 164
399 407
1249 1250
115 122
329 332
862 864
513 759
1292 1299
614 621
917 1096
1032 1378
40 1509
1204 1206
1476 1495
648 665
4 1499
578 580
929 939
880 881
542 541
684 1230
1061 1062
1012 1010
260 1542
270 272
805 827
174 409
309 314
548 583
940 939
683 1230
1161 1330
1037 1378
991 1023
342 349
378 380
904 906
240 239
780 817
918 924
221 229
379 287
112 1579
504 1400
1266 1286
681 1322
883 885
630 606
1131 1372
277 1448
627 626
989 990
652 692
1380 1381
510 755
946 1135
1345 1358
1099 1373
323 444
87 229
768 774
632 641
766 879
163 599
197 193
806 847
477 481
1067 1074
1266 1288
491 490
366 1458
1121 1344
633 1423
1547 1557
560 564
1062 1205
1044 1217
924 943
978 1324
1067 1183
83 1527
1306 1311
1073 1074
718 723
1027 1053
135 404
980 981
1035 1079
210 255
151 153
42 1492
305 308
1252 1254
810 809
150 167
610 611
83 1524
1095 1134
247 290
730 1418
1178 1312
1114 1119
638 646
376 434
980 698
568 567
569 570
456 1411
590 715
1285 1284
1009 1020
1476 1504
367 369
745 764
1496 1497
676 1245
41 1506
94 93
285 388
886 897
389 1445
1120 1345
179 178
1065 1080
671 1246
261 264
71 1509
751 760
1130 1129
370 436
1210 1293
387 388
22 1503
297 298
1458 1457
666 1245
1243 1246
1102 1144
1128 1335
129 128
191 207
1152 1156
61 66
466 1411
1337 1340
608 607
74 322
544 1432
96 1562
731 739
516 515
580 581
573 572
679 680
140 1440
1458 1459
332 334
117 203
181 207
837 843
326 328
699 981
1350 1356
414 416
211 1561
711 710
1249 1320
349 471
215 1555
815 819
1550 1554
1232 1233
361 443
241 242
832 834
1508 1509
786 788
1316 1317
969 966
834 934
927 929
1478 1488
911 913
1290 1301
906 909
1048 1223
279 395
989 1323
1059 1210
1055 1057
598 1431
624 625
1088 1170
530 533
774 1391
650 660
1104 843
927 930
1052 1051
353 355
1225 1261
186 192
101 1585
563 750
628 633
65 1534
268 180
1123 1162
685 688
46 1536
990 1024
1558 1547
738 742
756 751
899 954
253 1546
216 218
1088 1171
1064 1077
597 599
830 847
498 822
88 1582
523 548
331 1462
1172 1186
1104 1108
94 1548
561 750
268 267
204 205
306 293
1227 1228
165 166
926 942
803 1393
312 315
20 36
88 224
1274 1275
797 796
515 569
1190 1355
103 1572
831 846
1480 1486
1292 1296
649 648
175 531
323 361
795 813
648 666
422 1443
514 560
1378 1377
81 299
646 647
487 347
669 670
50 51
653 693
1291 1298
2 8
103 1581
852 864
1491 1492
1247 1322
348 349
102 1577
1046 1263
207 206
379 380
554 1414
961 1002
1098 1131
617 703
725 726
943 923
277 1543
419 530
498 1402
314 313
137 138
17 18
743 885
755 783
263 1543
165 1427
531 532
972 975
107 1573
286 383
540 1431
91 1556
616 608
122 1588
630 632
111 1581
873 924
1330 1350
277 1449
627 634
898 954
495 1395
740 738
129 401
313 316
527 542
477 482
687 1227
944 923
1121 1333
833 849
883 882
300 301
281 394
810 818
1272 1274
285 386
1251 1253
481 482
840 841
1248 1276
1159 1160
527 544
1199 1308
580 1421
1483 1489
334 357
151 167
386 1446
18 23
1139 1149
716 1422
545 590
300 294
701 1384
485 490
1022 1053
459 1457
567 569
759 749
735 734
1028 1221
339 354
204 400
1213 1214
942 1100
106 1572
599 600
665 664
49 50
1072 1073
658 1230
25 24
1011 1010
671 1239
1154 1155
893 1001
1044 1043
841 1114
759 760
616 1426
90 1546
90 1553
1177 1312
1090 1171
503 1453
801 821
904 911
894 961
119 123
975 978
126 130
917 920
44 1490
1281 1286
699 710
234 244
19 1503
386 427
1494 1475
572 571
608 629
96 1570
64 65
481 1453
817 856
552 583
304 1471
984 1237
1085 1174
535 536
234 245
802 804
936 937
708 982
1055 1056
1049 1048
916 922
750 761
851 931
944 1095
545 1432
36 328
106 107
1021 1381
143 145
382 384
307 308
425 423
600 1430
1248 1321
1216 1302
174 533
746 1404
1048 1262
1116 1119
58 1518
494 499
633 641
732 733
824 819
661 668
961 997
931 1375
938 1103
816 1397
1351 1354
53 1536
650 661
758 751
183 194
1038 1059
1279 1278
332 1461
1356 1354
601 1430
236 1538
68 69
686 687
64 1510
96 184
649 1234
710 985
1092 1151
1338 1339
543 587
187 1584
1147 1146
360 453
1043 1215
473 474
233 235
247 249
1010 1020
1449 1447
322 362
1131 1132
657 689
486 1454
553 578
164 1429
166 170
1309 1310
1390 1392
1292 1300
1187 1188
614 624
40 1474
674 675
534 539
1411 1410
550 552
24 1591
611 622
15 31
880 903
1327 1355
33 338
1142 1143
1082 1181
135 1440
1046 1256
1014 1016
313 1465
11 9
1084 1367
392 415
320 446
176 416
1046 1264
316 365
1210 1314
30 1591
961 1000
973 974
66 67
560 562
1062 1203
123 127
255 258
452 455
951 950
59 79
319 1467
546 1434
1253 1267
621 622
932 1387
7 1497
320 442
619 608
1116 1360
604 605
637 633
504 1399
37 329
107 1574
286 285
192 191
507 783
1328 1330
1267 1285
138 405
1147 1157
541 595
80 302
1022 1055
190 206
3 1501
989 1224
95 195
1380 1379
740 741
641 695
583 584
323 449
471 472
861 855
1116 1362
440 461
595 592
376 432
1486 1487
636 1424
1218 1045
618 705
262 291
720 1419
26 341
1218 1217
184 197
136 406
669 1231
680 1277
179 274
1043 1285
949 1371
751 759
956 954
239 238
631 696
792 793
144 146
1548 1547
42 1511
167 166
410 418
1031 1378
252 251
150 168
1193 1195
1254 1266
1187 1195
1016 1017
83 1526
81 1525
38 327
231 232
164 1428
1124 1164
294 306
737 889
730 1420
913 946
370 435
49 1481
568 569
1518 1522
619 1426
975 976
477 1412
1258 1259
60 61
81 1531
651 696
1350 1352
224 1554
942 1099
1066 1368
799 822
512 752
414 1443
817 857
160 162
129 136
612 609
866 926
1017 1010
760 761
1249 1248
971 973
167 1427
1168 1327
684 685
977 992
96 95
960 1004
729 893
657 1238
731 730
279 393
1550 1551
557 568
997 1005
992 993
1270 1279
86 229
1113 1374
195 196
283 1448
495 497
637 1423
561 1405
1121 1358
1098 1372
55 1520
1271 1272
3 7
587 589
954 1013
992 991
330 448
1508 1474
573 732
710 981
382 385
1034 1079
13 30
437 438
969 970
136 400
214 255
563 565
799 1402
366 368
701 707
587 715
533 535
1279 1269
133 177
994 995
1211 1297
248 290
726 971
158 540
710 698
564 567
809 827
816 1396
53 1535
360 359
1064 1076
1497 1501
561 565
1189 1193
1123 1332
1010 1009
46 1514
581 1416
322 364
174 535
990 1025
1549 1556
1564 1565
133 407
1211 1299
43 64
32 29
825 1393
96 183
253 255
831 848
329 331
1177 1176
278 393
1052 1222
1101 1107
1359 1364
665 1245
256 257
392 1450
713 712
902 911
157 158
925 941
766 1388
233 236
439 1460
1291 1290
165 169
1014 1015
582 585
657 658
202 205
671 672
1476 1475
196 1562
514 561
1252 1256
999 996
471 1455
611 623
318 320
912 921
22 36
1142 1129
684 1229
1207 1295
314 1464
1481 1487
1173 1188
987 689
371 1463
237 238
720 721
852 865
1084 1182
1512 1490
176 410
683 1229
507 506
1493 1505
295 306
778 859
566 746
55 56
213 1561
933 931
697 690
680 678
477 480
1346 1357
107 1575
804 809
754 1406
803 827
366 442
588 586
430 516
836 935
630 652
697 1238
421 529
788 794
383 285
1248 1271
394 395
810 819
985 986
452 456
951 1014
555 568
97 1585
1121 1357
740 729
847 850
988 1223
950 1015
676 1244
1562 1570
68 317
771 1391
300 304
671 1231
796 795
485 489
281 395
185 186
859 860
1519 1518
1275 1276
461 463
233 1539
868 919
848 847
139 140
168 166
216 1553
70 1507
702 1385
638 639
144 149
151 168
829 846
993 991
1009 1019
120 403
1174 1186
44 1491
679 681
1063 1077
643 647
179 273
47 51
294 293
1069 1074
900 953
59 1516
1072 1074
1012 1033
1152 1154
1246 1242
1065 1075
975 977
960 996
1529 1530
35 333
1124 1165
208 209
930 939
1261 1260
687 1260
57 59
657 1237
679 1320
1482 1484
557 575
997 1002
618 619
297 299
359 455
574 573
1085 1184
11 31
292 1470
119 1588
787 1400
219 240
102 1581
753 756
960 1005
30 24
711 974
494 1402
556 557
746 747
575 1414
289 1540
944 1096
87 222
1488 1504
881 952
283 1449
155 1442
500 798
761 762
936 938
836 1105
1271 1274
265 1543
775 776
838 841
733 1421
215 1546
135 139
241 243
1 1497
885 882
330 449
1112 1342
197 1586
1021 1379
1342 1344
502 504
564 565
225 229
593 594
121 1589
634 635
802 808
991 1379
259 266
137 401
1189 1192
641 642
56 1519
1025 1022
797 500
798 1395
277 278
726 964
714 1422
1094 1097
1043 1288
1029 1053
498 800
961 960
1329 1350
331 448
917 944
26 338
232 294
758 759
1484 1488
1038 1213
585 591
700 707
597 600
689 688
1103 1107
115 116
311 310
1533 1532
536 540
1042 1214
188 198
1204 1205
1052 1221
4 1498
255 1545
646 645
526 527
1333 1332
291 378
1140 1149
45 1514
177 409
1252 1255
807 830
1585 1586
495 821
749 760
649 662
196 1570
173 1437
604 701
375 431
529 528
371 1468
946 1136
837 839
1341 1366
122 121
338 337
263 1541
931 936
1046 1265
141 148
1161 1350
591 718
362 450
616 618
716 714
123 128
627 628
3 1499
571 746
897 898
898 955
836 842
34 337
895 1004
1160 1163
344 499
1169 1356
1301 1302
107 1579
91 1558
384 385
118 1589
950 1014
883 886
1121 1343
368 1458
394 412
1106 1375
203 402
1519 1521
153 148
1095 1094
233 1529
780 1396
897 955
82 1527
158 535
250 263
1044 1288
861 862
212 194
1300 1302
1235 1233
1252 1251
1120 1121
185 1584
483 484
938 1375
522 549
1268 1267
333 1472
850 933
886 896
1126 1127
248 249
963 997
685 1228
826 862
1278 1282
429 428
210 256
1139 1151
590 591
308 374
271 205
454 466
598 599
485 484
349 355
346 491
1133 1141
840 1341
674 1246
966 711
856 863
1130 1142
731 736
1152 1090
85 229
296 1526
456 1407
2 9
1083 1367
902 903
890 1389
197 198
524 523
882 901
748 764
769 771
113 115
369 437
853 865
356 470
829 1387
616 1429
1350 1353
1122 1346
316 1466
960 1002
966 972
2 1500
962 963
913 947
74 321
556 555
733 739
997 1000
1299 1296
1021 1054
398 408
431 1470
356 471
758 1406
1212 1301
1085 1367
414 415
1089 1325
556 558
1048 1050
815 779
987 1237
1209 1294
7 8
963 1000
857 778
957 1382
1498 1502
359 456
1141 1143
314 367
1029 1055
579 573
941 1099
272 398
1474 1473
946 1371
347 485
325 447
1296 1304
605 708
1269 1280
986 697
634 637
958 1382
1023 1380
628 632
1567 1562
269 275
799 1395
65 1510
654 655
746 1403
1093 1138
47 50
162 1428
994 1007
20 37
88 89
656 691
1074 1075
1197 1313
1134 1137
1103 1106
331 449
564 569
1042 1217
1292 1291
1187 1186
175 1438
839 1374
187 197
299 1525
1576 1578
1476 1494
278 282
739 888
1189 1195
929 940
1010 1019
1268 1287
449 450
657 1236
876 1392
685 683
1211 1300
553 577
682 1228
1113 1119
1092 1091
1292 1298
297 1525
614 615
40 1508
251 260
1411 1412
656 1237
25 28
995 1007
464 1409
200 1583
916 946
487 488
1247 1248
1046 1257
350 354
976 992
1168 1351
583 1436
103 1576
518 1452
1148 1149
1480 1488
297 1531
1 2
979 988
677 1273
681 1242
1282 1283
1098 1099
1479 1483
293 1471
916 1096
617 704
260 1545
213 1547
1121 1122
118 119
345 493
755 756
1015 1069
1181 1180
972 973
1249 1279
1019 1031
978 992
192 208
719 722
1408 1407
1493 1506
133 134
27 353
680 1249
825 827
266 276
496 498
281 393
123 144
943 1372
1089 1194
262 261
222 229
773 879
996 959
1588 1589
338 353
285 1447
526 1432
743 886
13 14
789 793
395 412
765 744
27 341
833 846
18 22
422 543
1023 990
186 182
605 692
72 325
466 508
877 908
227 228
634 1425
718 722
527 543
826 827
265 276
764 744
54 1519
944 1372
700 981
144 142
1556 1555
289 287
938 1376
443 1457
1268 1269
150 151
302 310
850 931
390 1450
941 1373
1046 1253
83 1528
1234 1233
66 1533
740 1418
254 255
723 725
794 1397
168 169
737 743
70 1509
594 601
1063 1076
1280 1278
70 71
1359 1361
775 1390
1124 1127
1347 1357
769 770
1066 1080
521 553
679 1248
559 566
50 46
343 486
96 1563
482 505
1337 1338
908 912
11 12
37 1503
59 1532
59 1515
799 800
1152 1155
414 1450
552 553
119 120
1083 1182
8 1502
112 113
1563 1565
1144 1336
288 289
702 706
1120 1358
708 699
1122 1345
386 388
960 1000
771 774
608 620
518 517
797 1399
473 1455
1299 1300
1488 1489
125 204
62 61
881 907
1021 1029
910 912
562 563
1479 1487
909 921
1527 1531
834 935
435 437
485 1454
272 397
753 758
1085 1182
1171 1189
343 344
949 948
222 230
884 953
130 402
87 223
745 1404
377 1470
304 373
480 506
1231 1239
411 416
214 1561
1077 1062
1059 1314
500 799
936 1105
1163 1166
670 1232
149 150
218 242
906 907
701 700
1060 1209
587 592
1216 1301
746 1413
874 919
1193 1196
345 346
1024 1223
857 859
367 1463
798 1399
1242 1322
253 254
79 311
457 1456
1038 1057
856 861
634 633
1170 1326
488 489
1049 1223
1250 1282
1029 1057
628 636
674 681
603 1384
712 711
1025 1026
875 919
783 792
989 1223
814 817
629 705
494 500
332 1462
575 578
228 85
1362 1364
1231 1241
1092 1150
1574 1575
593 592
1307 1309
917 945
207 180
1055 1058
1576 1580
189 202
459 462
387 428
1280 1287
360 452
392 1451
1146 1164
1549 1558
553 576
1173 1186
662 1231
57 1516
69 1590
1103 1108
474 1455
1446 1445
1480 1484
513 750
1416 1415
1482 1513
648 647
1008 1030
1086 1184
1252 1257
1419 1420
611 614
44 43
22 23
1017 1033
182 181
462 1408
508 1409
291 379
1012 1017
134 408
1481 1486
408 407
103 1578
780 816
1153 1185
728 1001
1019 1033
1033 1032
1493 1492
91 1550
100 1564
935 844
292 380
118 122
898 952
1027 1028
313 317
263 1540
895 1002
1 3
698 697
112 1576
1542 1541
1019 1032
107 1572
1266 1265
958 1008
147 405
788 792
921 920
762 767
626 635
266 275
1339 1334
258 266
307 432
978 1383
1058 1377
261 1543
83 85
189 199
773 878
1180 1179
100 1586
572 1421
95 1570
1208 1295
1199 1307
1 8
1499 1502
107 1581
423 422
703 702
350 349
1328 1350
633 1424
819 818
289 380
796 812
266 278
900 954
985 697
720 1417
820 1395
137 406
997 960
352 356
594 600
494 800
103 102
42 1491
305 307
1094 1138
656 1236
1252 1253
187 198
796 813
1322 1321
252 255
501 504
73 325
390 1444
81 1524
1281 1284
589 590
643 645
1028 1053
794 1396
1157 1164
88 1552
265 278
370 434
410 419
832 849
903 1388
718 1422
453 464
1065 1076
1557 1546
966 971
962 961
59 1517
64 63
512 513
116 117
1340 1366
724 728
119 121
390 389
1270 1277
598 601
933 936
1257 1256
166 1426
113 119
910 911
866 928
1066 1180
1384 1385
675 1247
39 1473
977 978
790 780
483 1453
750 749
827 1393
955 1004
345 485
518 519
1072 1368
474 478
199 200
692 691
290 289
908 922
1253 1286
675 677
1091 1152
116 1589
1059 1058
462 511
138 1441
750 760
370 1463
152 148
312 1466
344 490
1226 687
838 840
954 951
211 210
121 125
361 450
885 886
87 225
934 937
1029 1056
230 85
502 501
411 410
856 777
210 258
1351 1356
578 1435
936 1103
991 1324
843 1109
1478 1487
535 539
127 142
910 922
231 1529
875 874
800 824
664 668
20 21
864 1387
732 731
652 651
371 370
225 242
816 794
1126 1332
1049 1262
986 1238
745 883
368 370
47 55
672 1242
236 1539
47 1536
523 549
452 1462
1307 1310
105 107
1008 1020
673 1244
861 863
449 1462
752 757
1207 1200
1140 1092
402 401
460 463
741 890
967 711
905 904
820 800
224 1582
1416 1417
1109 1337
1042 1215
614 622
649 660
207 270
1161 1328
514 515
188 192
1141 1148
826 863
1336 1366
1146 1165
1153 1154
508 1410
55 53
314 1466
1086 1367
372 374
2 7
967 972
419 420
720 718
755 507
19 23
295 1538
1169 1355
540 539
286 382
124 402
885 899
91 1551
1212 1289
1523 1524
523 1436
1479 1478
298 299
1516 1515
784 787
80 79
517 520
894 1002
1521 1532
783 782
546 1433
847 849
526 1436
972 974
112 1578
469 472
418 530
655 690
423 525
574 1414
833 848
1094 1139
322 446
72 73
1225 1224
1062 1209
959 1005
1294 1304
32 1591
89 1556
3 1497
650 695
555 559
319 442
1551 1549
1028 1055
949 1070
212 213
150 1587
1232 1241
700 980
608 705
554 576
1022 1379
185 197
141 406
877 876
955 956
763 762
1095 1097
441 440
1485 1487
628 1424
1135 1138
723 724
43 1511
737 742
286 1447
245 248
804 1393
265 277
752 759
549 552
151 154
1548 1558
1359 1358
167 168
410 417
400 404
882 881
443 1456
850 845
832 847
385 1446
4 5
455 465
164 170
606 705
942 1098
1130 1132
1041 1213
1030 1378
1280 1281
296 1528
948 1371
1480 1482
25 32
775 1392
870 855
1011 1017
191 1583
598 600
882 899
252 260
1056 1377
107 108
1041 1316
678 1273
356 351
1281 1283
651 691
344 345
589 716
937 1106
80 1537
424 525
1120 1359
342 347
67 76
169 1426
801 823
116 119
160 161
99 1564
1115 1359
1345 1365
524 525
1128 1127
1205 1208
808 827
181 208
423 1443
259 1545
943 1099
613 621
234 239
729 892
175 1437
97 196
162 1431
679 1321
797 1398
957 1004
1217 1315
562 564
214 1547
802 803
435 431
721 723
887 891
867 924
370 1468
949 1069
121 123
582 1416
78 313
146 1587
413 391
513 1405
1021 1380
1342 1343
143 144
1029 1052
1316 1315
1409 1410
280 396
1045 1217
497 801
958 1004
77 313
1455 1454
887 886
628 629
1006 995
131 404
731 1415
204 203
388 426
231 1530
533 534
875 868
162 540
1211 1291
20 22
798 1398
236 1529
325 448
253 252
79 78
1208 1305
1244 1243
513 758
1104 1102
1008 1009
1064 1079
739 740
1253 1254
1558 1557
47 46
926 943
553 574
558 567
1289 1290
47 1535
96 97
363 362
1480 1485
1068 1072
15 1503
1101 1130
1026 1222
12 30
484 503
713 725
1293 1297
156 1437
56 1535
1050 1262
378 289
326 331
776 1390
2 6
1417 1419
582 581
640 643
658 659
565 566
899 1389
614 623
649 661
1015 1016
648 662
37 36
1161 1329
25 340
293 1538
487 491
262 1541
1153 1090
1086 1182
998 1000
17 1503
126 402
392 414
345 492
743 890
1512 1514
895 1389
1 5
86 223
195 1560
362 444
368 1465
1516 1517
84 1531
762 764
560 561
1022 1054
1160 1123
1553 1552
488 1454
3 1498
620 627
572 1413
7 1500
112 1580
436 437
1232 1240
1194 1326
885 898
647 668
412 416
16 19
825 861
1018 1019
877 909
42 41
1216 1289
190 203
363 443
537 539
780 794
520 551
1189 1196
641 694
583 546
1208 1306
1300 1301
836 837
789 794
1475 41
1286 1287
1170 1190
305 372
656 1234
93 1561
300 302
767 1391
579 1414
1476 1496
1519 1523
390 1451
359 1462
144 1587
1211 1212
1095 1133
41 40
428 551
997 999
1135 1371
1401 1400
840 1338
546 584
356 355
826 861
70 1510
751 750
335 356
1278 1276
131 403
267 274
549 553
1359 1360
1139 1150
1028 1057
701 1385
458 463
8 1496
694 695
325 324
81 1526
726 1386
80 1516
424 524
963 999
416 420
54 55
659 1234
546 545
930 940
913 945
429 517
767 773
328 330
1066 1075
54 1536
1152 1153
414 1451
733 736
1359 1362
1039 1040
1071 1075
805 830
348 347
1151 1091
415 416
298 1525
1527 1530
1067 1084
937 843
1036 1078
324 361
14 15
125 124
750 759
209 180
78 1537
711 972
116 122
979 992
1229 1228
557 558
692 693
36 327
543 1433
276 281
1205 1207
241 240
304 305
181 209
509 1409
579 580
1036 1377
486 485
654 690
672 1239
1290 1299
1099 1131
114 199
279 281
815 814
516 555
957 1005
36 35
973 1383
430 429
215 254
1134 1140
1217 1265
637 1424
495 496
190 191
1059 1377
787 792
232 236
974 975
1271 1270
1157 1159
1584 1586
1312 1311
815 817
926 924
946 1137
503 504
32 24
1296 1303
88 226
280 394
543 544
145 146
324 448
210 268
969 711
790 793
185 198
381 383
226 228
958 1005
77 317
1399 1398
628 626
799 1398
603 1430
1375 1376
1268 1286
994 991
332 448
772 879
164 599
363 364
638 1423
1307 1308
1008 1021
327 328
380 381
892 894
183 182
880 879
1069 1068
547 546
475 476
585 590
814 818
133 408
1494 1493
217 241
602 1384
1113 1117
452 451
1560 1561
1574 1581
158 160
297 1524
1052 1053
578 579
916 944
378 377
896 897
230 237
1227 1259
1291 1297
976 978
255 257
957 1010
905 906
489 503
533 1437
99 1567
1107 1336
749 763
1249 1277
1482 1490
648 664
907 911
961 1001
778 856
534 528
1153 1155
517 519
232 1539
496 497
1022 1027
452 454
1524 1525
1155 1156
59 60
935 936
1233 1231
820 821
174 1437
87 227
163 597
86 225
1495 1475
92 1547
544 593
171 172
999 959
40 72
958 1010
915 1136
1022 1029
109 1575
63 66
900 898
258 259
199 201
951 1013
1524 1531
261 1541
870 871
620 607
607 630
663 669
201 203
527 528
619 620
163 598
440 458
637 638
376 433
1174 1178
988 1324
1030 1056
322 445
335 1472
223 242
1250 1318
770 777
554 574
5 1500
900 955
810 824
285 384
1519 1520
936 1375
233 237
321 444
773 905
718 714
723 713
323 450
204 402
945 1136
580 1435
631 693
764 765
1556 1557
1329 1356
912 915
835 934
960 999
1129 1128
285 284
251 263
868 867
155 158
448 1462
216 242
351 473
303 308
913 915
267 280
775 1391
1011 1012
235 237
574 578
1363 1364
309 374
367 368
656 657
1224 1261
66 1534
651 693
532 409
1157 1369
429 519
1090 1169
54 1535
801 822
948 1370
1039 1038
596 1430
1151 1152
1066 1181
1529 1528
971 972
1013 1016
39 1474
219 234
436 1459
1044 1266
556 515
516 556
944 945
9 31
1337 1366
786 787
1243 1274
1205 1200
99 1571
189 1583
509 1410
917 922
804 827
613 624
320 365
839 842
1212 1314
1171 1190
851 929
30 32
1107 1108
900 950
862 854
1550 1549
257 258
31 1591
109 1577
1488 1490
536 539
834 835
1029 1028
382 383
1 9
1231 1230
411 415
547 1434
672 1240
3 8
218 1555
576 1414
135 138
65 70
926 927
1 1500
503 797
1433 1432
173 533
93 212
145 149
121 1588
324 449
1162 1347
26 33
1334 1344
628 634
1006 1007
56 1523
1297 1303
1093 1137
1279 1280
399 400
630 705
515 564
772 878
575 576
597 598
369 439
1208 1304
468 467
1092 1148
153 1442
860 855
459 461
1484 1487
1285 1287
200 198
1569 1562
1085 1175
102 111
558 569
1259 1257
807 828
96 197
1343 1344
659 1231
1336 1339
158 161
379 377
327 330
514 513
580 732
206 272
318 319
193 198
264 288
258 1545
336 351
604 706
487 486
861 864
1327 1351
1391 1390
230 238
645 665
576 580
103 1574
780 815
658 684
495 823
472 1412
1227 1319
1226 1259
677 1271
1523 1522
826 864
262 1540
511 753
1158 1157
101 1564
213 1558
410 409
889 891
237 1529
751 1405
1020 1031
141 1587
305 1471
477 478
1440 1441
157 1439
1369 1156
1328 1329
27 339
950 1013
1148 1369
274 396
616 615
605 653
249 1540
986 988
1339 1340
109 1579
258 268
872 865
620 629
970 973
329 448
781 790
607 606
25 27
101 1586
605 704
323 445
1044 1265
766 880
327 1473
631 692
107 1576
68 77
93 1547
918 923
161 171
686 1228
1176 1201
803 804
1339 1342
285 385
95 196
1046 1252
1198 1313
233 238
782 793
1136 1135
1108 1109
254 252
1028 1052
1485 1486
1293 1314
707 981
140 148
1352 1349
144 145
829 831
676 1243
134 135
623 1425
1476 1493
1118 1119
1309 1305
390 1445
1414 1413
10 30
651 692
155 160
1308 1311
1135 1370
90 1556
730 1415
1324 1323
731 733
1061 1208
1063 1079
240 247
178 177
383 1469
993 995
12 14
496 821
1371 1370
791 1391
832 846
1236 1238
559 567
1067 1066
589 715
1013 1015
470 475
80 1515
1133 1134
1154 1369
1191 1193
67 312
577 581
1089 1090
724 725
220 241
1073 1066
359 454
1495 1503
798 820
276 279
304 303
369 436
1258 1047
1076 1081
234 235
1036 1059
125 126
1257 1260
955 1003
673 1322
678 1276
394 413
1330 1353
1346 1345
48 51
908 921
159 536
881 901
543 1432
928 865
1162 1346
1351 1353
119 1589
834 845
1121 1345
138 1440
887 890
147 1441
1171 1191
851 850
1290 1300
222 223
587 595
1550 1552
1209 1293
361 444
584 585
530 174
498 799
382 285
320 363
600 1431
1250 1280
127 143
910 921
1118 1360
533 529
567 746
874 876
1254 1267
756 758
839 1111
133 399
367 1465
1332 1347
212 1561
280 395
856 860
593 595
145 150
1264 1265
634 636
812 1397
1334 1333
784 792
561 563
986 1323
368 369
875 876
788 795
738 741
47 48
814 819
478 502
283 284
336 355
248 291
369 1460
1103 1104
28 339
391 424
299 1526
1576 1579
484 502
99 100
182 1561
619 705
60 1532
1569 1570
81 297
342 341
336 356
1038 1058
976 977
486 1455
651 1234
1052 1057
995 1379
1494 1505
741 889
977 991
162 164
208 180
244 238
1343 1333
831 847
1113 1118
874 1392
1068 1074
297 1526
40 1507
301 303
459 463
1259 1260
36 333
464 1408
1141 1147
916 945
1177 1200
644 648
706 707
678 1321
169 1428
645 666
670 1239
1481 1484
715 716
292 376
820 811
875 1392
1217 1216
176 408
899 953
931 934
766 773
728 1386
92 1556
15 19
828 1387
191 206
759 1405
237 1530
1020 1032
847 846
813 814
1445 1450
768 773
931 939
68 1590
253 1545
366 1467
616 619
16 18
1329 1352
1339 1341
596 601
900 952
672 674
1294 1303
104 1573
89 1554
213 1546
261 1540
607 632
663 671
282 393
323 447
924 923
250 261
789 792
162 599
1548 1559
770 776
458 457
1022 1380
273 396
618 703
461 462
38 325
873 923
45 62
147 146
212 182
1463 1468
549 548
1548 1560
25 30
993 994
1115 1119
1018 1033
625 635
643 644
67 1517
646 1423
425 1444
1191 1192
1082 1201
638 642
767 766
1061 1207
733 734
1132 1373
727 964
1102 1107
1335 1127
1331 1348
1350 1351
470 476
219 241
1065 1079
61 63
90 1555
966 970
1481 1480
78 1515
869 871
1083 1180
1228 1319
769 1391
307 1471
1253 1255
837 1105
1527 1526
772 1388
14 16
27 348
911 912
729 728
175 409
1335 1334
664 669
432 431
963 1001
78 312
385 388
290 378
482 1401
957 1003
880 1388
371 433
156 1441
320 322
435 436
505 1401
186 193
890 891
222 225
1024 1324
857 856
503 501
430 518
856 859
145 142
5 7
569 746
246 245
1328 1356
508 509
822 824
566 1404
127 145
1124 1126
269 179
890 886
731 1416
231 237
989 1324
60 67
65 69
981 984
336 1472
1332 1348
575 574
319 366
280 412
920 922
790 794
998 999
1225 1262
1319 1318
184 1585
56 1522
581 1435
815 1397
684 688
61 1533
216 217
1355 1326
343 490
1154 1169
602 1430
1092 1149
1565 1568
1191 1325
35 1472
10 16
860 862
301 304
773 1390
1115 1363
102 1584
685 686
442 1458
741 887
515 567
576 578
967 966
1273 1275
640 639
1239 1241
489 502
495 822
435 1460
648 661
580 733
550 549
464 1407
680 681
440 1459
1087 1367
84 1524
644 647
1031 1032
837 842
350 355
715 717
414 420
34 338
1148 1150
1084 1181
392 413
129 402
18 1591
1172 1187
110 1577
893 962
677 1274
784 782
198 1585
680 1320
1040 1317
1427 1426
7 1499
1445 1444
87 228
1047 1263
754 1408
833 831
412 415
16 31
796 798
609 608
120 1588
1263 1315
602 701
873 918
104 1574
1218 1316
779 778
136 405
970 974
781 791
495 1402
1100 1099
520 516
1189 1197
852 927
1160 1166
440 460
1194 1325
700 709
573 1421
996 1005
847 1387
223 243
152 1442
1175 1179
986 1224
939 938
472 473
634 1424
1046 1045
846 845
1506 1504
38 37
256 266
1100 1101
179 271
1135 1137
482 483
138 139
1559 1558
393 1451
719 1419
948 1070
1139 1138
504 797
1139 1148
574 577
681 1247
1476 1505
803 808
196 197
635 638
310 309
1268 1280
832 848
811 818
736 742
625 637
1125 1162
729 888
1191 1194
335 469
577 580
407 1438
801 800
459 440
1481 1489
817 818
161 1428
385 386
993 1007
454 465
1184 1186
712 1384
1056 1378
369 435
678 1271
559 569
44 1511
356 469
943 1098
971 964
80 1525
139 406
39 1508
1133 1132
609 1426
973 976
427 1452
1481 1482
1191 1195
78 1517
1041 1317
400 407
869 872
474 488
1072 1075
100 102
581 732
746 745
101 187
119 122
420 1443
266 1545
197 1585
1205 1206
156 1439
655 1235
201 1583
282 1445
855 871
964 998
541 596
110 1579
39 38
1169 1327
800 822
1209 1208
97 1586
944 1098
1253 1265
878 906
62 63
675 676
506 1401
411 176
904 1388
374 1471
223 225
1486 1513
232 296
384 429
721 722
836 937
505 1400
867 926
46 1521
838 839
365 441
325 1473
961 998
1160 1330
1199 1311
536 537
622 1425
1081 1180
974 980
563 564
346 490
372 1464
1178 1201
1312 1313
783 1401
236 237
1154 1167
1348 1349
10 14
721 1418
789 791
1484 1486
712 970
815 1396
783 793
763 1404
738 888
625 1425
1100 1373
1120 1365
855 862
575 579
1190 1193
858 860
1115 1116
1103 1102
468 476
1239 1240
220 242
572 735
1448 1449
1574 1576
1292 1297
1576 1581
801 809
892 961
1270 1278
157 155
1085 1173
84 1523
23 33
291 292
442 1457
134 177
1481 1485
1494 1506
372 308
551 553
770 1390
1355 1354
722 725
779 1396
886 1389
1019 1020
879 904
1262 1261
40 71
1243 1322
828 1393
706 708
246 1541
837 1110
193 192
1500 1497
508 1407
134 407
675 1246
889 890
1167 1328
371 1464
946 947
775 875
99 1568
455 1411
1158 1165
418 420
719 721
1030 1054
368 1464
962 1000
915 948
873 925
307 433
203 403
89 1551
249 250
1047 1256
520 521
82 84
420 421
743 884
1 6
477 479
968 701
494 799
108 1578
274 395
1147 1158
770 775
1329 1353
5 1499
626 636
3 1500
650 694
1211 1210
189 200
1234 1235
202 1583
428 521
1043 1289
852 929
985 984
1061 1209
764 747
658 688
225 221
522 551
1129 1145
1577 1581
455 456
248 247
713 966
787 795
1069 1070
448 449
138 147
216 1555
990 1323
669 1232
826 860
1056 1057
1082 1179
457 463
829 847
1159 1167
574 576
1087 1172
1187 1193
649 695
339 353
589 592
1305 1304
1122 1162
324 330
723 1386
1069 1071
842 1110
1326 1325
1207 1309
1072 1071
1481 1513
1035 1036
840 1374
140 406
933 934
1579 1578
1247 1275
107 103
1102 1108
678 1272
339 341
194 197
238 1529
937 1104
486 347
1088 1184
436 439
116 118
428 1452
257 209
842 1111
337 356
844 843
58 59
1072 1181
1479 1484
1294 1292
687 1259
967 1384
1036 1378
171 1428
1328 1352
964 975
1290 1298
1089 1326
1477 1495
1117 1374
254 1545
1093 1140
290 379
584 582
749 1405
207 1544
304 306
1160 1331
1217 1317
506 1400
242 243
853 927
53 1521
1486 1512
1112 1374
540 597
1505 1506
1119 1359
531 1437
851 933
972 1383
1312 1198
1024 1323
121 124
494 493
164 1427
845 844
530 532
1134 1139
1310 1305
1409 1407
214 1546
1127 1343
508 755
497 498
812 1395
1334 1343
540 598
1285 1286
925 924
183 196
252 259
231 1528
1555 1582
117 1589
312 313
45 1521
1136 1138
188 199
689 1225
353 352
709 698
370 438
917 916
1285 1288
1023 1379
154 171
44 62
1177 1201
1010 1018
1572 1573
1097 1372
964 1386
1350 1354
957 1011
754 755
858 870
217 215
311 78
1295 1305
55 1519
572 734
945 1137
142 141
297 1528
1464 1463
673 1243
1212 1215
130 404
389 426
1177 1206
800 1394
246 1542
375 434
1131 1130
2 3
967 970
1417 1418
1200 1308
57 1524
548 547
802 823
1192 1193
682 1319
1161 1331
719 720
660 659
883 743
15 18
1479 1480
680 1248
645 667
1220 1047
902 1388
222 227
1167 1329
250 1541
1477 1504
92 1558
72 447
591 720
1054 1058
1539 1538
1170 1169
1030 1029
91 1549
605 982
1284 1286
1181 1368
1478 1504
607 629
622 625
996 1000
305 373
108 1580
1159 1165
918 920
73 445
545 585
921 922
744 884
835 935
1129 1144
273 397
1187 1191
363 450
742 886
374 433
428 550
787 788
1487 1488
492 1402
691 690
1251 1318
570 746
823 824
68 75
934 1375
1078 1062
912 914
727 965
196 194
500 1402
811 819
1187 1192
671 1232
130 136
736 740
470 473
813 1397
90 1554
138 140
932 933
913 914
328 329
765 1403
703 1385
639 643
187 1585
1476 1506
367 366
1495 1496
1565 1569
521 549
337 1472
1360 1362
959 1006
430 1460
943 942
589 591
35 34
1125 1332
991 1024
59 1522
1090 1170
764 1403
334 1461
1083 1181
707 1385
606 693
1579 1580
132 205
1021 1030
276 280
1128 1336
1151 1153
1258 1261
1360 1363
1527 1528
1076 1080
153 154
373 374
342 491
436 1460
67 77
860 863
130 403
518 428
1160 1161
581 733
603 1429
785 786
86 228
1045 1219
613 622
76 1590
851 932
1045 1263
642 666
815 816
582 1434
83 1531
692 696
87 224
413 415
1475 1474
319 365
956 957
1536 1535
980 979
12 1591
853 929
76 446
232 295
547 1433
381 382
1255 1265
561 562
505 1399
835 1105
626 1424
222 221
358 455
174 532
1178 1179
315 1467
1268 1283
1042 1213
29 28
88 1553
994 1380
790 792
488 485
1298 1304
1011 1019
1225 1238
805 848
1123 1333
1496 1502
542 544
1182 1179
1041 1214
1187 1325
1193 1325
287 383
312 317
1095 1137
478 483
643 695
515 559
1136 1371
1190 1194
224 226
329 330
638 1424
323 324
417 418
721 1420
25 338
739 738
99 98
152 170
76 316
1572 1574
800 1395
617 1426
995 1380
460 462
57 1523
1190 1195
858 855
905 877
489 490
495 800
722 724
142 146
158 159
1034 1064
316 319
15 17
378 379
644 645
1333 1162
653 692
1479 1489
645 648
1106 1102
1140 1148
971 976
998 1001
824 1394
292 377
414 423
1040 1221
1084 1183
565 569
48 46
682 1242
349 486
37 327
893 894
27 28
1479 1482
1147 1149
177 176
709 983
38 1473
938 1102
1079 1076
338 28
1522 1532
752 1405
120 121
1272 1277
1094 1140
609 618
63 65
364 441
26 340
363 445
663 667
680 1318
653 983
1254 1286
161 1431
968 969
1159 1156
93 1558
538 537
73 447
375 1468
42 65
326 448
618 704
1307 1305
747 744
26 353
1283 1286
151 148
256 259
963 998
1485 1484
306 307
512 511
103 108
70 69
807 831
357 1472
1115 1117
8 1500
309 308
1309 1311
156 155
1101 1373
740 1415
1067 1072
1086 1173
1308 1198
713 970
813 1396
425 1445
1025 1053
932 931
684 1228
1174 1313
1291 1302
1352 1354
909 910
296 1527
161 540
606 692
1021 1020
683 1228
702 602
1122 1332
219 220
90 1557
1150 1151
673 1242
711 970
474 475
904 910
99 1563
881 903
348 491
181 192
114 115
854 866
413 1450
855 863
677 1322
42 1510
753 757
1088 1090
164 169
1335 1340
100 1584
1418 1420
1169 1168
358 1411
898 951
159 172
584 545
99 1569
509 1407
156 1440
460 1459
613 623
320 321
1328 1353
462 512
776 875
1201 1200
822 823
1214 1301
95 1559
483 506
1553 1582
587 586
114 200
1045 1264
89 1582
1097 1132
78 77
1566 1567
225 228
374 1464
223 221
1486 1490
384 518
1293 1294
1143 1145
95 1560
1060 1210
712 701
1165 1166
367 1464
623 627
2 1496
1251 1280
1236 1235
189 201
26 29
318 1467
327 35
1195 1325
220 239
673 676
1250 1278
271 398
929 930
1177 1179
322 363
1281 1287
1140 1139
741 742
662 1233
217 218
523 551
828 829
71 73
860 861
773 1391
838 1374
327 329
1007 1380
140 1442
547 584
777 855
61 1534
1017 1019
763 1403
529 534
684 683
805 1393
270 271
744 1403
602 1385
437 1459
1088 1172
447 448
1295 1304
548 552
1179 1201
452 1461
220 243
1068 1371
1448 1447
142 149
506 785
552 578
58 1516
1270 1282
647 666
958 1006
440 439
199 1583
762 748
644 649
181 180
169 170
195 211
818 863
645 647
901 953
935 934
727 1386
1499 1500
1192 1195
461 1408
1015 1017
728 1420
154 1428
1030 1031
48 1514
1523 1518
466 467
1089 1190
757 1405
1047 1257
1521 1522
902 953
229 1530
250 1540
563 763
120 124
98 1564
344 493
1116 1359
945 946
16 1591
251 1543
615 608
1317 1315
104 1572
184 196
247 1540
603 604
680 1321
137 405
526 1433
380 1470
951 1070
945 1096
187 199
1566 1571
334 335
98 1586
1438 1440
178 396
68 76
5 1497
1114 1374
251 261
256 268
750 1405
209 1544
782 792
1439 1440
840 1113
1559 1560
737 738
286 1448
1082 1202
1174 1198
719 1417
509 755
947 1135
909 908
239 245
458 462
912 916
500 1395
1096 1097
717 1422
955 954
514 565
1067 1073
1293 1303
913 916
904 908
496 823
574 579
1495 1493
810 1394
798 812
1151 1370
1223 1222
959 995
393 392
80 1524
600 601
342 486
1557 1555
771 773
474 476
100 97
101 102
78 310
667 1245
1498 1501
918 944
502 503
766 902
114 117
1225 1226
851 928
20 1503
888 891
690 689
1045 1255
97 1570
125 203
168 1427
86 85
1362 1363
661 662
934 936
502 505
245 250
1294 1295
179 1544
941 1100
858 871
1267 1286
833 935
542 1432
272 178
590 717
3 6
1143 1144
39 72
83 82
900 1013
1045 1315
315 1466
582 1435
65 66
753 1406
1112 1340
347 491
369 1463
845 936
1485 1489
149 148
809 825
979 1324
1515 1537
1250 1269
271 397
127 128
1124 1125
567 571
14 1591
571 1413
899 898
60 66
1528 1531
515 558
665 668
324 450
459 458
185 1585
724 965
1164 1166
1004 1382
789 788
1176 1308
835 843
432 1469
967 701
1136 1370
1143 1146
157 173
1113 1114
962 999
97 184
660 1234
556 568
301 302
1575 1580
1009 1382
1465 1467
1026 1223
1051 1220
968 1385
219 243
23 34
462 1456
770 1391
57 1522
162 163
674 1322
750 762
662 1232
24 338
316 315
779 794
381 1469
317 316
221 234
471 355
1214 1216
716 717
230 1529
915 949
774 1392
237 229
1163 1162
244 1539
55 1536
1020 1030
295 1526
48 53
1336 1337
62 1534
806 830
1194 1355
719 718
1040 1219
177 408
1227 1260
232 1538
488 1455
1089 1191
1306 1309
222 228
524 1436
742 890
970 972
1272 1275
166 610
1158 1166
1047 1260
75 1590
968 967
463 1408
18 19
548 1434
108 1574
697 1237
5 1498
626 634
31 32
760 1405
109 1578
672 673
104 1571
188 1583
249 262
950 1070
321 446
663 670
282 281
1002 1004
707 709
873 872
75 446
1218 1317
785 1400
267 275
1566 1562
1548 1549
525 1436
454 455
458 460
803 805
235 239
811 810
519 551
869 919
1577 1576
184 194
1189 1325
1563 1570
737 741
132 133
286 1449
335 357
303 372
1061 1204
457 465
1014 1069
1289 1288
445 444
1139 1092
75 74
1115 1118
8 1501
635 637
940 1101
749 748
832 831
302 303
1292 1304
221 238
747 883
359 1461
1008 1380
453 457
352 354
937 938
723 1422
1137 1138
734 741
501 1398
1142 1148
932 845
209 268
774 877
134 1438
1229 682
348 486
1021 1022
891 894
1192 1313
730 888
806 849
702 968
686 1320
588 590
486 488
421 527
186 187
383 386
1547 1546
1330 1351
924 944
217 1582
100 101
419 534
908 1388
1271 1277
161 162
1175 1176
1457 1456
549 1436
595 596
467 1409
450 451
381 286
1085 1183
426 1444
867 873
854 871
344 485
293 377
567 570
664 667
48 52
1475 1508
411 392
1186 1188
980 985
853 926
950 1069
1065 1066
391 1443
531 409
358 468
1045 1265
800 821
1080 1081
434 431
1112 1341
1485 1513
710 980
1199 1198
513 757
856 858
569 571
1173 1174
784 1401
127 144
76 75
745 744
712 969
478 481
29 340
864 865
537 593
463 511
435 1463
731 740
588 1432
380 287
188 193
76 318
939 1375
604 702
159 171
56 1518
1041 1215
682 1240
1552 1556
1100 1376
1355 1356
64 1492
329 333
782 791
1320 1318
1051 1222
621 1425
1243 1242
1358 1365
965 971
617 1429
255 256
69 1509
34 33
489 484
99 1565
69 71
1015 1012
556 567
1048 1047
92 1559
879 903
544 545
58 1532
1266 1284
601 602
230 1530
1269 1282
644 661
38 1474
452 453
889 887
454 1461
246 250
55 1535
1119 1363
1499 1501
1336 1335
469 470
591 719
27 340
125 402
830 849
132 407
1064 1063
1214 1289
825 826
602 706
915 947
900 901
956 1017
484 1454
652 653
1306 1310
999 1000
773 774
878 1392
204 403
1226 1260
690 1237
469 471
418 531
1492 1490
594 595
131 204
1211 1314
98 1571
903 907
18 20
108 1575
1057 1377
755 1406
49 51
114 201
109 1580
672 675
522 521
869 874
679 682
363 444
1002 1005
95 1562
685 1227
852 932
528 539
1159 1166
686 1259
545 586
906 921
1125 1126
912 913
1213 1314
1172 1189
1577 1578
94 1561
470 472
1344 1333
147 140
74 73
752 751
577 576
217 1546
457 464
1249 1270
909 876
1210 1209
496 822
454 456
1037 1210
805 807
296 300
660 1231
1281 1282
625 636
993 1379
1010 1382
767 772
679 1319
841 1374
1498 1499
640 695
154 1442
337 353
132 271
1056 1058
650 696
413 1451
959 1007
282 1447
393 413
21 36
39 1507
109 111
812 811
522 1452
186 188
1150 1091
357 469
1477 1494
724 1386
1035 1078
385 387
260 265
740 889
878 877
161 164
82 1525
583 582
13 31
1077 1079
153 166
613 614
467 1410
171 170
1201 1206
110 1576
670 671
300 305
517 555
871 872
587 588
854 872
41 1508
1077 1078
669 1239
785 787
786 796
82 1531
1134 1093
1123 1122
185 199
1091 1184
280 281
53 1520
5 3
547 1436
214 254
1091 1185
108 1577
895 961
1174 1188
208 1544
1093 1139
1250 1270
1310 1311
172 536
552 1434
1080 1368
324 447
1041 1042
264 1448
387 429
1063 1203
1126 1333
226 227
1334 1342
1298 1303
784 1400
804 808
1293 1292
925 926
299 301
183 195
1563 1568
542 543
1177 1202
322 323
788 790
605 606
1187 1196
899 952
1095 1372
45 1520
1136 1137
1197 1198
90 1582
1559 1562
1239 1229
28 340
722 723
435 1468
165 171
884 885
161 599
939 1376
635 1423
234 238
1188 1192
1573 1574
699 698
460 461
967 969
1200 1307
977 994
677 1243
136 404
1464 1465
417 419
552 577
822 1394
1320 1321
1345 1357
573 735
15 16
1051 1221
389 425
965 964
606 652
283 1445
529 538
576 579
1110 1338
458 1456
640 641
292 378
497 821
360 1456
317 319
739 1418
660 662
647 667
566 763
427 522
307 371
1106 1107
1086 1185
927 941
970 971
1477 1502
1248 1277
306 1471
976 1383
478 1453
344 492
86 222
893 961
1042 1043
189 190
1180 1368
93 1559
180 1544
251 1541
791 780
484 1453
717 714
555 554
222 85
1175 1174
577 1435
1339 1366
247 250
160 536
700 699
1170 1171
489 1454
676 677
108 1579
178 397
93 1560
467 479
824 825
538 528
609 620
1018 1009
522 550
747 765
493 1402
869 868
846 850
321 445
1484 1489
167 148
1176 1313
511 1406
719 1416
156 173
785 1399
700 710
8 1499
1510 1509
808 809
1577 1580
128 142
757 751
1047 1046
1252 1318
686 1319
840 1111
138 141
669 668
676 1275
567 1404
1191 1189
667 1244
384 1469
1061 1205
1291 1301
725 965
904 909
1361 1362
1129 1373
802 809
1192 1196
531 533
1224 1223
34 1472
937 1105
396 395
908 911
767 771
96 1585
200 202
400 401
989 1024
597 1430
897 954
996 1006
260 266
465 464
314 315
1361 1363
697 987
398 399
1144 1128
98 100
1013 1012
384 387
950 949
1088 1153
1150 1154
1150 1152
690 1236
258 267
190 205
581 731
610 612
951 1016
101 1584
290 291
1112 1111
1495 1504
62 43
1271 1275
655 689
858 863
386 1452
272 273
110 1578
836 844
670 673
867 925
1297 1299
610 624
642 647
1528 1530
772 773
173 174
694 696
520 575
1108 1337
851 1387
12 13
71 1590
106 1581
1066 1083
189 191
264 1543
488 347
188 189
1026 1049
291 1540
712 967
1566 1568
726 965
1036 1037
840 1117
468 472
513 562
1068 1067
928 927
509 783
264 1449
1195 1196
226 1554
673 674
105 1573
76 317
94 212
117 1588
1042 1317
415 417
558 568
1520 1535
735 741
208 268
1043 1302
1197 1196
659 1233
821 810
711 980
1034 1035
71 74
131 401
459 460
607 705
721 1419
336 357
1572 1571
415 420
1131 1097
1573 1575
326 330
110 102
625 1424
1133 1148
382 1446
64 1511
437 439
1295 1303
828 847
884 882
1045 1044
317 318
417 420
713 1422
1270 1276
573 734
837 1109
1086 1183
651 650
815 857
1054 1053
422 527
962 1001
601 968
828 864
1284 1283
251 1542
938 1106
307 376
425 525
1220 1221
969 973
1075 1368
612 1426
183 185
476 1412
62 1514
68 1517
1254 1255
308 1471
162 597
544 588
1232 1239
994 1023
173 172
412 392
1040 1316
154 165
1329 1351
609 616
1269 1283
877 906
42 63
326 1473
615 621
862 865
1172 1171
985 979
1104 1109
907 1388
779 857
1147 1369
758 760
374 371
282 283
572 1414
1176 1198
852 928
376 375
162 598
947 1136
43 65
489 1453
1132 1142
608 704
754 757
1307 1311
507 1401
187 193
270 1544
26 339
713 969
707 982
734 737
45 44
403 402
429 518
570 571
1352 1356
1289 1302
987 1225
1103 1375
458 461
288 1448
137 141
364 444
1087 1173
500 1398
569 1404
1101 1376
1161 1348
674 1243
56 57
453 458
424 423
499 1402
537 542
908 910
66 69
604 707
436 1463
526 543
6 1500
75 318
844 937
1480 1489
891 896
369 370
176 175
649 668
1224 1262
730 740
943 944
1033 1034
373 308
937 1103
63 1533
396 412
812 820
97 1563
951 1015
1155 1168
1039 1059
419 529
1361 1365
11 16
92 93
881 902
215 253
43 1510
114 113
1116 1363
108 109
467 1411
39 1509
950 1016
486 491
109 112
300 303
357 468
1447 1446
1418 1419
248 1538
610 613
642 643
249 291
1229 1241
290 292
1126 1123
848 849
781 780
769 1390
319 320
280 279
106 1571
693 696
282 1450
438 1459
838 842
110 1580
1214 1314
867 866
391 1450
866 865
1337 1335
587 593
900 951
810 825
1297 1296
1097 1141
180 179
763 764
1149 1151
672 1246
413 414
179 397
997 996
1128 1366
1475 1503
1487 1490
216 1582
1160 1329
1091 1090
117 118
1066 1084
510 1406
992 1324
1221 1316
1515 1517
671 1240
626 1425
94 95
315 1465
874 868
914 948
287 382
1165 1163
1541 1543
478 480
124 143
623 624
316 1467
523 521
552 1435
1130 1145
928 929
131 399
318 446
1482 1488
541 539
220 240
998 997
25 33
1004 1005
105 1574
956 1382
769 775
365 1467
553 575
1200 1306
188 200
537 595
224 1553
1565 1567
1068 1070
1109 842
928 930
947 1371
151 1442
556 559
1048 1051
894 997
1054 1055
40 70
199 198
896 895
142 1587
965 966
110 111
134 399
146 149
858 861
69 1510
437 1460
1088 1089
949 1068
1068 1071
1034 1078
1044 1285
659 1232
92 1548
636 638
550 551
633 642
40 39
318 316
786 813
425 524
1032 1036
259 265
292 379
882 953
165 1428
766 772
728 1419
469 351
655 691
591 716
10 11
79 1537
154 170
257 267
784 785
31 30
725 1386
1106 1108
927 940
458 1408
742 889
46 45
768 772
690 983
423 524
1054 1378
597 601
697 984
289 379
609 615
761 1405
655 1237
1338 1340
89 1552
1046 1255
555 557
465 1409
184 195
4 1497
1002 1003
366 441
1254 1265
36 1473
974 1383
1061 1203
786 1400
108 1581
49 1486
545 588
1491 1511
377 380
235 236
841 1113
728 893
1120 1344
424 425
787 790
1563 1569
1025 1379
132 131
1084 1085
335 352
767 768
1174 1197
1207 1307
255 259
457 462
774 879
527 1432
754 756
528 537
720 723
496 800
136 135
1491 1512
942 1373
166 1427
288 1449
621 623
791 793
1292 1303
559 564
156 157
736 738
155 154
625 626
416 417
494 498
778 870
990 1379
688 1227
1142 1147
436 1468
1131 1373
577 579
819 1394
408 175
1024 1025
11 14
1565 1571
26 354
176 418
806 846
1033 1035
834 849
21 23
588 589
1267 1284
600 596
104 106
421 538
1225 688
560 565
365 364
1229 1240
218 241
432 434
571 735
1498 1497
996 995
388 1444
896 1389
795 794
1272 1278
1067 1368
1162 1332
153 167
467 1412
803 807
588 715
905 1388
394 392
459 1456
293 378
642 646
3 1502
1097 1133
254 1542
294 1471
1073 1368
1112 1338
1108 1336
520 554
896 1003
158 536
58 60
1186 1171
1438 1437
853 928
1351 1352
157 172
833 845
838 1110
235 1539
1026 1027
1124 1123
358 454
676 1274
388 389
349 1455
1526 1525
1297 1300
434 436
1439 1437
481 505
98 1568
1520 1523
173 1439
343 491
1083 1082
546 585
663 1245
117 120
376 431
1130 1144
1126 1343
361 360
745 765
1018 1382
126 143
231 1527
1526 1531
129 142
612 614
927 865
312 77
838 1111
1120 1361
772 774
1190 1189
623 620
270 179
523 550
495 799
1494 41
1247 1273
1178 1313
756 1406
1251 1269
121 203
994 1381
801 824
983 984
387 518
1164 1163
631 640
1319 1320
105 1575
1230 1239
832 935
605 652
1041 1212
1552 1554
1350 1349
236 1530
35 335
1122 1347
858 777
1237 1238
674 1242
1348 1357
594 1430
1109 1110
678 1248
297 1527
1249 1318
987 1238
1575 1579
557 567
796 1397
206 205
675 1244
191 202
195 194
1060 1061
1089 1169
1568 1569
1360 1364
1117 1118
1331 1349
995 1381
551 549
146 150
340 341
1277 1276
1477 1496
213 211
343 346
97 1584
1109 1336
1048 1261
1226 1258
1048 1220
360 1462
1232 1231
636 639
79 1516
1230 1241
1040 1057
1109 1111
814 1397
427 428
1294 1296
834 844
1054 1057
46 53
77 316
306 1538
813 811
1226 1261
86 87
1279 1281
591 717
10 13
1105 843
1094 1141
1516 1518
93 1548
53 45
266 267
757 1406
519 520
246 262
742 887
1173 1172
74 1590
1208 1207
120 125
768 771
690 984
368 437
1220 1219
1158 1163
431 430
797 798
305 306
656 690
412 413
554 575
609 619
1220 1263
1338 1341
519 521
555 558
1218 1219
83 84
1497 1502
179 206
74 446
115 1588
346 493
1218 1263
1566 1569
658 1233
333 332
12 9
467 480
375 1470
185 194
1172 1190
811 814
1187 1189
846 933
1086 1087
1341 1334
914 1070
1016 1071
169 1427
657 688
131 205
141 146
1012 1018
774 878
785 792
240 246
584 1434
732 1421
75 317
1454 1453
136 139
8 1497
1027 1052
1560 1562
276 275
379 381
559 568
736 741
504 1398
1331 1330
625 634
139 405
1098 1097
737 1421
298 301
604 708
532 534
6 1501
277 1447
1381 1379
1302 1288
337 336
260 259
388 1446
740 888
58 57
276 278
586 590
87 226
194 182
91 90
734 1421
654 691
519 1452
1547 1561
859 870
1584 198
1089 1355
1039 1213
184 185
13 1591
663 668
388 1452
475 1412
82 1524
304 294
1114 1117
655 1236
765 766
334 358
1328 1351
617 616
252 1542
981 698
655 656
1202 1201
433 435
499 500
1258 1257
46 52
924 1098
888 892
642 645
654 1237
1028 1039
371 375
706 1384
1213 1215
1426 1429
979 1383
1162 1331
263 288
549 583
1126 1334
540 541
822 821
1202 1206
185 193
388 427
342 343
1016 1069
735 737
1528 1526
124 123
867 871
149 1587
1178 1198
599 1429
354 355
117 121
512 757
1149 1369
1458 439
432 1468
1080 1180
375 433
183 1570
553 554
781 793
1168 1328
343 485
1083 1175
1207 1305
131 400
1236 689
506 784
327 326
220 244
789 781
721 1415
1424 1423
564 1404
431 1469
341 487
135 1438
1513 1514
616 704
708 981
1270 1272
6 7
51 1514
202 203
1092 1138
821 824
1353 1349
756 793
570 1404
24 33
884 886
947 1370
603 702
349 487
627 1425
1249 1321
1054 1056
221 220
573 733
1007 1381
1230 1240
940 1376
152 153
434 1469
968 1384
606 631
1466 1467
190 201
442 443
110 112
783 784
57 1518
911 915
641 643
662 668
1107 1128
698 985
19 21
1048 1222
397 177
806 828
72 1509
857 860
660 661
598 1430
907 910
683 686
1094 1133
159 540
1075 1080
714 725
566 570
232 1529
814 1396
364 362
704 703
1121 1365
887 896
1499 1497
1025 1027
670 1246
1578 1580
544 587
1279 1282
903 904
1148 1146
228 229
115 118
986 987
522 523
1156 1168
846 849
1244 1246
247 1539
508 507
1123 1346
250 262
166 169
1220 1256
1483 1487
622 624
876 921
841 842
903 901
732 739
1175 1182
615 620
426 523
827 828
175 174
519 550
846 932
247 262
303 373
1207 1306
457 456
1218 1264
314 1467
155 173
786 1399
1159 1163
1190 1326
1115 1114
23 1591
852 1387
1007 1008
309 372
296 295
1172 1191
192 1583
1507 1509
884 899
128 143
1493 1508
1037 1314
1183 1185
264 277
880 907
90 1549
567 1413
33 28
1142 1145
850 1387
1188 1196
141 149
1273 1276
807 848
820 819
933 845
140 405
1491 1490
1027 1051
548 584
621 627
364 443
635 636
276 277
1192 1197
568 1414
521 551
1224 1238
806 848
723 1419
812 795
644 695
560 559
1031 1036
1086 1186
337 339
359 452
808 1393
313 315
592 716
1144 1145
151 170
1331 1347
804 825
1254 1044
91 1546
138 406
104 103
585 1417
888 889
859 855
724 1420
1251 1250
652 696
571 745
444 450
820 1394
996 1007
352 351
965 1386
1160 1162
480 483
1060 1078
275 281
153 168
282 1451
53 52
941 940
792 794
391 1451
671 1230
854 864
1519 1536
4 3
664 663
287 286
434 435
868 873
231 236
1332 1331
520 557
1028 1040
845 934
1475 1507
1258 1260
106 1576
210 209
1250 1279
804 805
271 272
191 1544
1065 1064
835 937
330 332
1060 1062
346 485
899 900
133 398
1520 1522
867 872
1083 1085
1124 1334
170 1427
962 998
709 982
12 31
1011 1018
181 1544
1009 1031
187 1586
901 952
183 95
547 583
56 1520
956 1004
980 1383
612 621
73 323
558 559
1340 1343
981 983
1168 1329
1587 148
1200 1199
96 196
537 541
1557 1582
1565 1566
113 1589
494 1395
994 1379
1173 1197
721 1417
789 790
739 730
336 352
604 703
1096 1137
505 504
369 438
1245 1246
977 993
64 1491
839 841
97 101
982 981
19 20
1116 1117
381 1448
1482 1491
1161 1162
1575 1581
907 908
534 538
440 1458
230 229
152 167
1434 1435
1032 1034
654 1236
836 843
1477 1493
1087 1184
982 698
654 656
19 22
360 451
92 1549
284 1444
591 715
79 1515
647 664
830 848
1087 1185
156 172
307 377
742 743
727 1001
1064 1081
25 26
563 749
98 1563
990 1026
1038 1037
1492 1505
88 87
277 283
274 178
664 1245
686 1227
307 375
1187 1171
1462 1461
974 978
131 130
251 250
360 454
284 389
561 749
707 699
81 80
852 866
233 244
1050 1047
160 172
876 920
1352 1353
947 948
1438 174
152 1441
120 203
1263 1264
1096 1095
1308 1312
74 445
1125 1163
1037 1058
494 495
351 470
1218 1315
1289 1301
333 334
343 492
147 148
235 244
569 1413
130 129
841 1111
683 682
301 373
1256 1263
514 563
1331 1346
1120 1119
1183 1367
90 1552
342 487
990 1324
1327 1326
1358 1364
111 1578
932 850
209 207
351 471
492 493
6 1499
141 150
130 204
27 354
217 242
904 907
798 799
345 499
747 1403
221 243
632 639
568 1413
1236 1237
1365 1364
1166 1167
1360 1361
1008 1381
648 668
441 443
453 456
352 355
1013 1014
1039 1057
91 1557
681 1321
1303 1304
51 52
517 516
1024 1026
218 219
1155 1169
640 694
1345 1347
159 535
1142 1146
844 1105
592 717
807 1393
230 231
1073 1080
350 473
462 463
63 1534
310 1537
214 211
1023 1024
1202 1179
227 229
924 942
806 1393
888 887
989 1026
1035 1077
294 1538
481 502
86 227
520 555
161 163
1335 1366
766 903
70 1590
1114 1118
163 1429
665 666
438 439
941 942
617 619
1138 1371
964 963
1202 1204
840 1112
1297 1298
41 1507
1268 1281
985 987
914 949
1519 1535
133 397
1149 1150
1332 1346
723 726
1483 1478
205 403
546 582
1091 1153
280 273
50 1514
10 9
1009 1033
1118 1359
769 773
44 1514
1340 1334
515 562
124 127
328 332
952 953
1072 1084
618 608
631 632
105 1572
1115 1360
299 300
524 422
535 172
135 405
23 24
759 762
331 332
1036 1060
14 18
382 1448
1157 1167
771 878
947 1137
832 833
1026 1323
1115 1362
86 226
635 1424
777 776
1017 1018
283 1447
735 1421
761 748
525 422
97 197
244 245
603 602
284 1446
516 559
58 1523
1299 1303
633 638
1214 1215
440 1457
84 1527
566 569
405 404
551 552
1032 1035
435 438
1306 1307
246 251
1328 1354
77 318
353 354
414 417
1253 1266
722 1422
1290 1288
525 526
99 1566
48 50
163 1428
497 823
1158 1164
989 1262
1093 1149
79 1517
295 294
347 490
177 411
530 534
725 1422
974 976
1111 1338
453 1456
418 419
216 241
43 63
1094 1093
412 411
16 17
698 983
159 162
1533 1534
426 522
89 1550
26 28
38 72
878 1388
1043 1216
880 902
768 1390
184 1570
542 593
346 492
1082 1081
1279 1283
594 597
1222 1221
823 821
666 667
987 988
108 1576
467 508
754 753
49 52
906 1388
982 983
859 871
326 447
1243 1247
1251 1286
273 178
736 737
374 375
1333 1345
54 1520
1218 1265
835 836
240 244
1040 1041
1087 1088
348 487
325 326
1247 1321
1507 1474
1256 1264
352 1472
686 1257
21 22
1439 1441
1183 1182
630 631
111 1580
67 78
532 529
767 769
1400 1399
774 905
240 245
1168 1356
639 641
1200 1311
1233 1239
930 1375
637 646
35 328
1327 1354
1145 1128
383 384
1567 1568
532 538
492 499
1272 1273
262 290
218 220
359 358
1551 1556
388 1445
1027 1222
811 1397
1258 1262
43 1533
687 1258
275 279
468 1411
501 797
248 1539
567 566
249 290
675 1322
1233 1241
654 983
1060 1059
693 691
687 1261
853 866
438 1460
49 48
305 374
410 420
655 657
670 672
854 865
1268 1282
461 512
1255 1256
1083 1084
482 506
877 1392
1157 1165
225 227
1564 1571
429 520
370 437
509 507
5 6
765 884
1210 1294
11 1591
894 962
1255 1264
590 719
745 747
915 922
126 127
505 506
129 143
914 947
73 321
1080 1181
899 901
60 79
1541 1540
699 709
54 56
877 921
513 561
506 783
817 778
1164 1165
1083 1179
902 907
299 302
480 1410
679 678
1215 1301
748 765
365 446
802 827
585 586
571 1404
326 329
781 794
816 779
21 34
14 31
438 430
270 206
321 363
962 997
474 489
516 557
879 878
206 271
132 398
234 243
365 442
808 807
61 1532
706 701
670 1231
1049 1051
456 465
599 1431
1116 1118
360 449
636 637
633 639
604 1385
132 399
661 695
152 168
266 265
399 404
225 226
1477 1505
722 1420
1196 1313
165 170
130 401
874 873
62 1511
948 1068
1147 1148
1203 1206
466 465
457 1408
938 1104
190 202
105 108
1478 1505
77 315
561 759
1176 1178
303 305
1549 1557
1492 1506
657 1235
401 404
451 1456
548 1436
597 596
770 778
554 557
698 984
615 619
377 376
10 31
1204 1208
919 873
184 95
1100 939
611 621
1175 1178
646 665
1010 1033
669 671
50 52
526 547
1211 1301
573 1414
1438 1439
525 1443
345 1402
1184 1185
727 893
1482 1483
288 1540
1187 1190
805 806
728 892
1563 1564
1086 1085
1037 1377
720 722
311 313
392 391
895 1003
446 445
37 328
514 564
1122 1344
1125 1333
629 630
362 451
991 990
1341 1342
541 594
122 1589
66 68
33 340
919 923
639 642
686 1260
659 1241
1551 1552
930 1376
364 1457
586 589
1223 1262
592 715
854 853
441 1458
160 171
384 386
350 471
322 450
812 813
585 1416
383 385
357 358
1553 1555
892 1001
1251 1254
218 215
1306 1305
184 183
337 352
878 905
586 715
480 481
98 97
245 247
853 852
898 1389
468 1412
729 1418
405 406
1023 1025
433 434
1297 1290
817 1396
472 475
262 288
654 984
1088 1185
694 693
1475 1493
158 172
88 227
1199 1312
1213 1212
1091 1370
1077 1076
210 257
992 1383
263 264
1063 1081
897 1389
1280 1282
1138 1370
1143 1129
1176 1199
485 503
330 331
483 505
1496 1501
501 500
1268 1284
1097 1134
180 269
1211 1292
589 717
369 1464
1157 1156
833 834
751 761
1072 1066
897 1003
829 850
220 234
1359 1363
870 869
925 866
76 77
727 963
126 129
1219 1263
612 613
955 1013
895 897
1460 1459
124 128
1190 1191
208 207
1006 1381
463 512
321 322
1247 1271
709 981
662 663
572 746
913 1136
1251 1268
328 334
1482 1487
433 1463
25 29
721 1416
390 424
631 652
673 675
796 1399
988 989
1358 1361
769 774
1188 1189
612 620
1042 1315
832 845
331 334
139 1441
340 339
858 859
1253 1318
224 242
376 1470
345 490
839 840
570 1413
1130 1373
1012 1382
1346 1347
516 558
1266 1267
1270 1269
745 1403
465 509
1361 1364
106 103
714 713
650 1234
219 242
1089 1170
110 109
991 1323
490 493
753 751
456 464
376 1469
1034 1077
931 930
497 822
806 807
211 181
664 1244
58 1522
636 633
295 304
125 403
274 280
1089 1171
307 374
969 972
1167 1168
779 817
1049 1220
680 1319
201 202
60 1516
890 896
362 361
1050 1051
62 1532
82 297
1279 1276
700 711
1105 1104
309 1537
48 1536
274 273
732 736
1075 1181
1185 1186
744 883
457 1407
42 43
220 238
717 718
704 705
187 188
278 281
881 953
428 517
1006 1008
269 274
183 186
685 1226
303 309
449 451
738 889
165 164
311 1537
1078 1079
1215 1216
1184 1183
426 524
827 807
1204 1207
301 305
757 756
1308 1309
713 726
4 1500
685 687
734 736
646 666
479 1410
1090 1185
1291 1299
818 826
313 1467
583 1434
780 779
1184 1367
727 726
565 763
531 530
919 918
728 727
393 394
256 258
1273 1274
778 858
973 975
351 350
1188 1197
290 1540
260 1543
1158 1159
584 1433
333 335
1190 1325
136 137
137 147
791 792
749 762
1224 1323
805 808
959 958
806 829
1122 1333
154 1427
541 597
684 1241
1031 1035
6 1497
577 578
222 226
9 14
260 261
34 336
285 1446
736 1421
167 170
441 1457
636 1423
776 870
214 215
177 418
186 197
104 105
147 406
357 356
1335 1339
1073 1075
92 91
811 1394
480 482
98 101
702 1384
436 438
395 411
238 1530
656 1235
1023 1022
289 381
387 1452
310 312
41 1493
879 1388
610 609
472 476
1039 1317
231 296
179 272
1145 1164
254 256
88 1554
240 1542
106 1573
665 667
892 891
252 1545
308 371
367 370
1555 1546
415 410
895 894
759 761
38 326
1127 1366
389 1444
1334 1366
111 112
1133 1142
1065 1081
343 347
261 288
1154 1156
659 1235
840 1114
1344 1345
37 1473
1178 1197
709 710
117 119
387 427
1127 1334
1359 1365
1039 1041
993 1023
677 1247
297 296
271 178
502 1453
727 998
1563 1567
126 128
960 959
956 1003
1219 1264
1327 1328
612 616
145 1587
476 478
139 1439
124 144
270 269
463 510
163 1431
662 669
209 270
71 72
1207 1311
868 920
979 986
433 1468
1054 1029
528 593
1141 1142
140 1441
604 704
1096 1372
1049 1050
51 1513
1271 1273
782 781
1107 1144
1330 1349
1550 1556
1346 1348
1575 1576
785 788
777 870
143 142
1116 1364
288 287
1351 1349
479 481
802 801
677 1275
246 247
1277 1278
911 914
1119 1361
213 253
1290 1302
1567 1569
1353 1354
65 1533
1158 1146
954 1014
284 1445
1024 1222
1093 1092
803 809
647 665
1203 1204
830 829
132 400
530 529
1269 1278
774 1390
225 243
155 172
1156 1167
1049 1222
100 1585
250 1542
1064 1080
1477 1506
1323 1223
60 1533
906 910
233 234
768 769
1050 1258
1158 1369
469 468
47 53
1093 1151
312 316
10 12
32 33
1094 1134
351 355
530 538
770 771
331 1461
862 863
618 1429
869 875
1478 1506
428 519
1367 1182
611 612
473 475
852 851
1038 1314
1050 1220
368 436
738 887
1415 1417
309 1464
776 1392
45 1512
755 1407
1125 1123
49 1485
831 849
474 1454
1204 1200
81 84
648 663
465 1407
514 562
1308 1310
611 624
1037 1059
880 904
269 273
542 595
511 1408
752 758
774 775
1132 1143
59 61
855 854
837 838
905 909
1215 1289
1482 1478
296 299
802 824
660 1233
1507 1508
8 9
736 739
978 979
1011 1382
631 694
318 365
90 1550
421 422
678 1277
6 1498
141 147
217 1555
445 447
136 138
338 339
137 140
621 624
364 442
806 831
430 1469
1067 1071
373 372
1501 1502
118 1588
629 632
298 300
1087 1186
501 1399
223 226
433 432
1284 1287
134 175
597 1431
689 1238
1073 1071
168 170
126 401
651 694
891 895
1192 1325
1428 1427
275 274
282 1449
157 1442
63 1510
1202 1203
1269 1287
185 187
1477 1476
724 1419
1082 1175
89 90
763 748
481 483
358 1461
845 935
352 469
341 354
415 1443
1272 1276
460 1457
594 596
1073 1181
617 609
729 1420
1298 1299
235 238
302 1537
46 51
349 354
346 347
417 1443
1240 1242
610 614
287 381
1063 1078
1112 1339
389 1446
47 52
207 1583
106 1574
160 1428
456 1409
892 893
1480 1483
49 1513
310 314
850 934
52 1536
559 570
476 477
515 560
111 114
1133 1140
1251 1279
513 752
117 122
419 1443
1210 1292
1063 1062
1280 1283
390 391
1065 1368
882 952
1219 1315
418 409
94 195
129 137
612 615
431 1468
341 348
917 923
781 792
1340 1342
699 982
839 1110
466 1409
957 958
966 973
782 789
1247 1274
658 1241
397 396
257 259
390 425
796 1398
465 508
1141 1140
1230 1229
336 353
389 427
714 723
1102 1376
434 1468
1513 1512
158 171
375 432
562 565
425 426
326 324
194 193
1133 1372
486 490
414 391
1248 1320
213 214
782 790
24 29
1226 1227
603 703
1575 1578
289 1448
879 905
952 951
361 451
977 1324
1209 1295
534 535
1214 1212
675 1243
152 151
1034 1076
195 182
283 1446
427 426
1466 1465
511 754
1568 1571
1117 1119
1162 1348
186 198
479 482
320 364
703 708
30 29
906 908
130 400
801 1394
1470 1469
533 538
424 1450
82 81
739 1415
1194 1193
173 535
830 831
1075 1076
915 946
564 566
278 279
284 390
1176 1312
707 708
1135 1134
1492 1511
968 712
926 941
115 117
744 743
159 160
42 64
256 1545
1244 1245
878 1390
94 1559
284 388
611 613
176 409
268 269
768 1391
81 298
1050 1222
439 1459
1564 1568
265 264
788 780
622 623
1012 1016
313 1466
108 1573
1057 1058
154 169
309 373
1480 1487
940 1100
1172 1188
417 421
757 758
94 1560
578 581
416 410
115 1589
511 1407
673 1246
350 1455
1291 1300
785 1401
224 223
314 1465
460 512
1132 1129
239 244
583 1435
392 416
531 174
521 550
683 1227
470 471
484 501
1125 1343
362 443
1493 1507
778 777
90 1551
1563 1562
1358 1357
532 533
1553 1554
123 143
200 201
141 140
1058 1378
627 607
1122 1357
419 421
689 1237
510 509
621 620
17 19
632 633
1365 1357
854 867
1169 1326
107 1578
1440 1442
192 207
441 442
988 1323
790 791
298 302
630 640
186 194
788 1397
1017 1382
560 563
1062 1204
262 263
1155 1170
17 21
1037 1060
471 473
464 463
1019 1382
730 729
275 280
1087 1171
104 107
483 502
185 188
1478 1477
89 1553
1039 1058
95 194
1283 1287
184 186
1112 1113
663 1232
319 315
43 1534
795 1397
212 211
210 181
703 706
776 869
310 1466
1298 1296
1211 1293
66 1590
231 295
735 736
487 1455
421 1443
54 53
1487 1489
706 1385
1208 1309
50 1513
328 333
510 1408
49 1512
299 295
598 596
113 116
4 7
640 696
182 211
857 863
103 1577
1340 1341
1520 1518
515 555
1006 1005
396 411
1157 1166
942 1131
1177 1178
2 1497
1494 1495
1219 1316
544 1433
1206 1207
1451 1450
1482 1486
868 872
85 1530
724 726
1215 1317
190 1583
748 747
398 407
612 619
432 1470
341 349
866 927
758 1405
344 346
971 975
1003 1004
816 814
708 709
219 239
925 872
466 1410
975 1383
113 1588
580 573
111 1577
257 268
195 212
816 817
53 1519
490 492
6 8
982 653
279 394
497 800
62 1521
1014 1070
815 818
1266 1285
857 858
287 1448
152 154
915 916
495 498
856 870
1081 1202
1055 1053
1110 1111
843 842
1397 1396
641 644
1316 1217
1216 1288
92 1551
642 1423
424 1444
1203 1205
1269 1281
602 968
13 32
956 1011
105 106
524 1444
1101 1102
821 1394
60 1517
453 451
1558 1561
1578 1581
752 753
818 857
311 1515
216 215
658 1235
1074 1368
824 809
467 477
115 119
1347 1348
159 161
564 763
408 409
391 423
543 588
678 1247
475 478
1338 1366
479 1412
135 1439
1415 1418
206 1544
1483 1488
291 289
267 269
682 681
666 664
1494 1504
1200 1310
678 677
659 1230
1111 1374
311 312
874 920
373 1471
749 761
1042 1216
1090 1155
453 454
530 409
1120 1342
912 922
15 20
654 653
587 1432
298 80
342 348
1177 1199
688 1226
1082 1180
335 336
716 718
653 691
1532 1534
224 225
372 371
155 171
1503 1474
510 511
122 123
913 922
1181 1182
148 1441
128 144
538 539
1525 1531
1122 1343
883 884
15 22
541 593
1327 1356
688 687
67 68
496 801
667 668
123 145
678 1275
919 920
627 629
613 1425
715 714
510 754
26 27
528 542
918 917
17 20
1 7
592 591
632 640
507 784
91 1547
493 499
322 444
